 -1.788635254853e+001  4.296555437710e+000
 -1.788347473105e+001  4.294405792314e+000
 -1.787771779121e+001  4.290105526815e+000
 -1.786907911599e+001  4.283652689361e+000
 -1.785755477768e+001  4.275044346082e+000
 -1.784313952409e+001  4.264276573728e+000
 -1.782582676526e+001  4.251344449794e+000
 -1.780560855680e+001  4.236242040061e+000
 -1.778247557966e+001  4.218962383473e+000
 -1.775641711622e+001  4.199497474275e+000
 -1.772742102250e+001  4.177838241269e+000
 -1.769547369641e+001  4.153974524092e+000
 -1.766056004175e+001  4.127895046331e+000
 -1.762266342780e+001  4.099587385321e+000
 -1.758176564415e+001  4.069037938414e+000
 -1.753784685050e+001  4.036231885499e+000
 -1.749088552115e+001  4.001153147501e+000
 -1.744085838365e+001  3.963784340577e+000
 -1.738774035126e+001  3.924106725677e+000
 -1.733150444876e+001  3.882100153093e+000
 -1.727212173090e+001  3.837743001569e+000
 -1.720956119298e+001  3.791012111514e+000
 -1.714378967285e+001  3.741882711762e+000
 -1.707477174338e+001  3.690328339289e+000
 -1.700246959465e+001  3.636320751185e+000
 -1.692684290468e+001  3.579829828127e+000
 -1.684784869769e+001  3.520823468448e+000
 -1.676544118830e+001  3.459267471823e+000
 -1.667957161044e+001  3.395125411417e+000
 -1.659018802898e+001  3.328358493206e+000
 -1.649723513221e+001  3.258925400978e+000
 -1.640065400295e+001  3.186782125310e+000
 -1.630038186545e+001  3.111881774556e+000
 -1.619635180527e+001  3.034174365593e+000
 -1.608849245853e+001  2.953606591692e+000
 -1.597672766647e+001  2.870121564486e+000
 -1.586097609056e+001  2.783658526485e+000
 -1.574115078272e+001  2.694152530004e+000
 -1.561715870394e+001  2.601534077630e+000
 -1.548890018383e+001  2.505728718512e+000
 -1.535626831194e+001  2.406656593665e+000
 -1.521914824997e+001  2.304231922236e+000
 -1.507741645202e+001  2.198362419068e+000
 -1.493093977741e+001  2.088948631954e+000
 -1.477957447710e+001  1.975883184594e+000
 -1.462316503122e+001  1.859049908178e+000
 -1.446154280944e+001  1.738322840792e+000
 -1.429452452012e+001  1.613565068958e+000
 -1.412191040553e+001  1.484627379488e+000
 -1.394348212979e+001  1.351346681873e+000
 -1.375900029251e+001  1.213544151045e+000
 -1.356820148283e+001  1.071023026788e+000
 -1.337079476406e+001  9.235659879229e-001
 -1.316645744704e+001  7.709319950864e-001
 -1.295482996546e+001  6.128524627879e-001
 -1.273550960558e+001  4.490265756427e-001
 -1.250804275645e+001  2.791154995523e-001
 -1.227191522474e+001  1.027351471613e-001
 -1.202653998037e+001 -8.055297581149e-002
 -1.177124143589e+001 -2.712535134115e-001
 -1.150523496364e+001 -4.699525595330e-001
 -1.122759973431e+001 -6.773379467044e-001
 -1.093724196777e+001 -8.942266966536e-001
 -1.063284404451e+001 -1.121603032580e+000
 -1.031279210327e+001 -1.360672461589e+000
 -9.975069677979e+000 -1.612941224791e+000
 -9.617095317329e+000 -1.880337590733e+000
 -9.235462728993e+000 -2.165405960045e+000
 -8.825499630191e+000 -2.471636391160e+000
 -8.380459367157e+000 -2.804068436898e+000
 -7.889879025359e+000 -3.170517588064e+000
 -7.335716751200e+000 -3.584460581029e+000
 -6.680920008774e+000 -4.073574575218e+000
 -5.817816653587e+000 -4.718287509938e+000
 -3.783363218234e+000 -6.237964657493e+000
 -1.983947863928e+000 -7.582075240406e+000
 -2.297196283158e-001 -8.892432368730e+000
  1.505637717636e+000 -1.018869349502e+001
  3.230640079835e+000 -1.147721975163e+001
  4.949096061646e+000 -1.276085605377e+001
  6.663036963684e+000 -1.404111972353e+001
  8.373674283576e+000 -1.531891571415e+001
  1.008178884819e+001 -1.659482728044e+001
  1.178791347857e+001 -1.786925242412e+001
  1.349242805322e+001 -1.914247490332e+001
  1.519561298334e+001 -2.041470417699e+001
  1.689768118261e+001 -2.168609928540e+001
  1.859879814068e+001 -2.295678384450e+001
  2.029909504662e+001 -2.422685584867e+001
  2.199867766384e+001 -2.549639430007e+001
  2.369763250737e+001 -2.676546382291e+001
  2.539603125153e+001 -2.803411795580e+001
  2.709393394343e+001 -2.930240155218e+001
  2.879139139097e+001 -3.057035256405e+001
  3.048844696729e+001 -3.183800338990e+001
  3.218513799503e+001 -3.310538190863e+001
  3.388149682252e+001 -3.437251228350e+001
  3.557755167081e+001 -3.563941559481e+001
  3.727332730764e+001 -3.690611034332e+001
  3.896884558916e+001 -3.817261285496e+001
  4.066412589941e+001 -3.943893760904e+001
  4.235918550987e+001 -4.070509750682e+001
  4.405403987580e+001 -4.197110409296e+001
  4.574870288252e+001 -4.323696773937e+001
  4.744318705114e+001 -4.450269779895e+001
  4.913750371174e+001 -4.576830273495e+001
  5.083166314987e+001 -4.703379023035e+001
  5.252567473116e+001 -4.829916728104e+001
  5.421954700798e+001 -4.956444027536e+001
  5.591328781090e+001 -5.082961506254e+001
  5.760690432784e+001 -5.209469701171e+001
  5.930040317246e+001 -5.335969106312e+001
  6.099379044387e+001 -5.462460177260e+001
  6.268707177859e+001 -5.588943335048e+001
  6.438025239629e+001 -5.715418969569e+001
  6.607333713985e+001 -5.841887442573e+001
  6.776633051084e+001 -5.968349090314e+001
  6.945923670085e+001 -6.094804225890e+001
  7.115205961933e+001 -6.221253141327e+001
  7.284480291838e+001 -6.347696109426e+001
  7.453747001482e+001 -6.474133385412e+001
  7.623006411003e+001 -6.600565208421e+001
  7.792258820769e+001 -6.726991802818e+001
  7.961504512971e+001 -6.853413379391e+001
  8.130743753064e+001 -6.979830136428e+001
  8.299976791064e+001 -7.106242260682e+001
  8.469203862723e+001 -7.232649928255e+001
  8.638425190595e+001 -7.359053305386e+001
  8.807640985002e+001 -7.485452549182e+001
  8.976851444917e+001 -7.611847808268e+001
  9.146056758764e+001 -7.738239223392e+001
  9.315257105152e+001 -7.864626927969e+001
  9.484452653545e+001 -7.991011048586e+001
  9.653643564877e+001 -8.117391705453e+001
  9.822829992115e+001 -8.243769012833e+001
  9.992012080776e+001 -8.370143079423e+001
  1.016118996940e+002 -8.496514008709e+001
  1.033036379000e+002 -8.622881899299e+001
  1.049953366845e+002 -8.749246845219e+001
  1.066869972487e+002 -8.875608936197e+001
  1.083786207398e+002 -9.001968257918e+001
  1.100702082539e+002 -9.128324892267e+001
  1.117617608394e+002 -9.254678917546e+001
  1.134532794993e+002 -9.381030408685e+001
  1.151447651941e+002 -9.507379437429e+001
  1.168362188440e+002 -9.633726072517e+001
  1.185276413314e+002 -9.760070379849e+001
  1.202190335024e+002 -9.886412422639e+001
  1.219103961693e+002 -1.001275226156e+002
  1.236017301122e+002 -1.013908995488e+002
  1.252930360805e+002 -1.026542555858e+002
  1.269843147947e+002 -1.039175912648e+002
  1.286755669478e+002 -1.051809071034e+002
  1.303667932069e+002 -1.064442035999e+002
  1.320579942138e+002 -1.077074812339e+002
  1.337491705873e+002 -1.089707404674e+002
  1.354403229232e+002 -1.102339817455e+002
  1.371314517963e+002 -1.114972054975e+002
  1.388225577609e+002 -1.127604121376e+002
  1.405136413517e+002 -1.140236020651e+002
  1.422047030852e+002 -1.152867756659e+002
  1.438957434600e+002 -1.165499333123e+002
  1.455867629579e+002 -1.178130753643e+002
  1.472777620445e+002 -1.190762021697e+002
  1.489687411702e+002 -1.203393140649e+002
  1.506597007705e+002 -1.216024113751e+002
  1.523506412666e+002 -1.228654944151e+002
  1.540415630666e+002 -1.241285634896e+002
  1.557324665654e+002 -1.253916188937e+002
  1.574233521456e+002 -1.266546609131e+002
  1.591142201780e+002 -1.279176898247e+002
  1.608050710217e+002 -1.291807058970e+002
  1.624959050253e+002 -1.304437093902e+002
  1.641867225265e+002 -1.317067005566e+002
  1.658775238534e+002 -1.329696796412e+002
  1.675683093239e+002 -1.342326468816e+002
  1.692590792470e+002 -1.354956025085e+002
  1.709498339225e+002 -1.367585467460e+002
  1.726405736419e+002 -1.380214798116e+002
  1.743312986881e+002 -1.392844019168e+002
  1.760220093362e+002 -1.405473132670e+002
  1.777127058536e+002 -1.418102140621e+002
  1.794033885004e+002 -1.430731044962e+002
  1.810940575295e+002 -1.443359847583e+002
  1.827847131870e+002 -1.455988550321e+002
  1.844753557122e+002 -1.468617154966e+002
  1.861659853384e+002 -1.481245663258e+002
  1.878566022923e+002 -1.493874076892e+002
  1.895472067950e+002 -1.506502397520e+002
  1.912377990618e+002 -1.519130626748e+002
  1.929283793023e+002 -1.531758766144e+002
  1.946189477210e+002 -1.544386817234e+002
  1.963095045169e+002 -1.557014781506e+002
  1.980000498844e+002 -1.569642660411e+002
  1.996905840129e+002 -1.582270455363e+002
  2.013811070869e+002 -1.594898167743e+002
  2.030716192868e+002 -1.607525798895e+002
  2.047621207883e+002 -1.620153350134e+002
  2.064526117631e+002 -1.632780822741e+002
  2.081430923786e+002 -1.645408217967e+002
  2.098335627983e+002 -1.658035537034e+002
  2.115240231820e+002 -1.670662781134e+002
  2.132144736856e+002 -1.683289951433e+002
  2.149049144614e+002 -1.695917049069e+002
  2.165953456584e+002 -1.708544075153e+002
  2.182857674219e+002 -1.721171030773e+002
  2.199761798942e+002 -1.733797916989e+002
  2.216665832142e+002 -1.746424734840e+002
  2.233569775179e+002 -1.759051485342e+002
  2.250473629380e+002 -1.771678169487e+002
  2.267377396046e+002 -1.784304788246e+002
  2.284281076448e+002 -1.796931342567e+002
  2.301184671830e+002 -1.809557833381e+002
  2.318088183409e+002 -1.822184261597e+002
  2.334991612376e+002 -1.834810628104e+002
  2.351894959897e+002 -1.847436933774e+002
  2.368798227114e+002 -1.860063179458e+002
  2.385701415143e+002 -1.872689365992e+002
  2.402604525081e+002 -1.885315494194e+002
  2.419507557997e+002 -1.897941564863e+002
  2.436410514943e+002 -1.910567578784e+002
  2.453313396947e+002 -1.923193536726e+002
  2.470216205017e+002 -1.935819439441e+002
  2.487118940141e+002 -1.948445287668e+002
  2.504021603286e+002 -1.961071082128e+002
  2.520924195401e+002 -1.973696823532e+002
  2.537826717417e+002 -1.986322512573e+002
  2.554729170246e+002 -1.998948149933e+002
  2.571631554782e+002 -2.011573736281e+002
  2.588533871902e+002 -2.024199272271e+002
  2.605436122467e+002 -2.036824758546e+002
  2.622338307320e+002 -2.049450195737e+002
  2.639240427290e+002 -2.062075584461e+002
  2.656142483189e+002 -2.074700925327e+002
  2.673044475814e+002 -2.087326218929e+002
  2.689946405948e+002 -2.099951465851e+002
  2.706848274358e+002 -2.112576666669e+002
  2.723750081800e+002 -2.125201821944e+002
  2.740651829013e+002 -2.137826932230e+002
  2.757553516724e+002 -2.150451998070e+002
  2.774455145647e+002 -2.163077019997e+002
  2.791356716482e+002 -2.175701998534e+002
  2.808258229919e+002 -2.188326934196e+002
  2.825159686634e+002 -2.200951827489e+002
  2.842061087291e+002 -2.213576678908e+002
  2.858962432543e+002 -2.226201488941e+002
  2.875863723031e+002 -2.238826258067e+002
  2.892764959387e+002 -2.251450986758e+002
  2.909666142229e+002 -2.264075675475e+002
  2.926567272167e+002 -2.276700324675e+002
  2.943468349800e+002 -2.289324934804e+002
  2.960369375715e+002 -2.301949506302e+002
  2.977270350492e+002 -2.314574039602e+002
  2.994171274701e+002 -2.327198535127e+002
  3.011072148899e+002 -2.339822993297e+002
  3.027972973638e+002 -2.352447414522e+002
  3.044873749460e+002 -2.365071799207e+002
  3.061774476896e+002 -2.377696147750e+002
  3.078675156470e+002 -2.390320460541e+002
  3.095575788698e+002 -2.402944737966e+002
  3.112476374087e+002 -2.415568980404e+002
  3.129376913136e+002 -2.428193188227e+002
  3.146277406336e+002 -2.440817361802e+002
  3.163177854170e+002 -2.453441501490e+002
  3.180078257114e+002 -2.466065607647e+002
  3.196978615637e+002 -2.478689680622e+002
  3.213878930198e+002 -2.491313720759e+002
  3.230779201253e+002 -2.503937728398e+002
  3.247679429247e+002 -2.516561703872e+002
  3.264579614621e+002 -2.529185647510e+002
  3.281479757808e+002 -2.541809559636e+002
  3.298379859234e+002 -2.554433440568e+002
  3.315279919321e+002 -2.567057290620e+002
  3.332179938481e+002 -2.579681110102e+002
  3.349079917124e+002 -2.592304899317e+002
  3.365979855649e+002 -2.604928658567e+002
  3.382879754454e+002 -2.617552388146e+002
  3.399779613927e+002 -2.630176088346e+002
  3.416679434454e+002 -2.642799759454e+002
  3.433579216413e+002 -2.655423401753e+002
  3.450478960176e+002 -2.668047015521e+002
  3.467378666112e+002 -2.680670601033e+002
  3.484278334583e+002 -2.693294158559e+002
  3.501177965946e+002 -2.705917688368e+002
  3.518077560554e+002 -2.718541190721e+002
  3.534977118753e+002 -2.731164665878e+002
  3.551876640886e+002 -2.743788114094e+002
  3.568776127291e+002 -2.756411535623e+002
  3.585675578299e+002 -2.769034930711e+002
  3.602574994240e+002 -2.781658299605e+002
  3.619474375437e+002 -2.794281642546e+002
  3.636373722208e+002 -2.806904959773e+002
  3.653273034869e+002 -2.819528251520e+002
  3.670172313730e+002 -2.832151518020e+002
  3.687071559097e+002 -2.844774759500e+002
  3.703970771273e+002 -2.857397976188e+002
  3.720869950555e+002 -2.870021168305e+002
  3.737769097238e+002 -2.882644336071e+002
  3.754668211611e+002 -2.895267479703e+002
  3.771567293961e+002 -2.907890599414e+002
  3.788466344570e+002 -2.920513695416e+002
  3.805365363717e+002 -2.933136767917e+002
  3.822264351677e+002 -2.945759817122e+002
  3.839163308722e+002 -2.958382843234e+002
  3.856062235119e+002 -2.971005846453e+002
  3.872961131133e+002 -2.983628826977e+002
  3.889859997025e+002 -2.996251785001e+002
  3.906758833052e+002 -3.008874720717e+002
  3.923657639470e+002 -3.021497634315e+002
  3.940556416529e+002 -3.034120525983e+002
  3.957455164478e+002 -3.046743395906e+002
  3.974353883560e+002 -3.059366244268e+002
  3.991252574019e+002 -3.071989071248e+002
  4.008151236092e+002 -3.084611877025e+002
  4.025049870017e+002 -3.097234661776e+002
  4.041948476024e+002 -3.109857425673e+002
  4.058847054345e+002 -3.122480168890e+002
  4.075745605207e+002 -3.135102891595e+002
  4.092644128833e+002 -3.147725593957e+002
  4.109542625446e+002 -3.160348276140e+002
  4.126441095265e+002 -3.172970938309e+002
  4.143339538506e+002 -3.185593580624e+002
  4.160237955382e+002 -3.198216203246e+002
  4.177136346105e+002 -3.210838806333e+002
  4.194034710883e+002 -3.223461390039e+002
  4.210933049923e+002 -3.236083954519e+002
  4.227831363427e+002 -3.248706499926e+002
  4.244729651598e+002 -3.261329026409e+002
  4.261627914634e+002 -3.273951534117e+002
  4.278526152732e+002 -3.286574023196e+002
  4.295424366085e+002 -3.299196493793e+002
  4.312322554887e+002 -3.311818946050e+002
  4.329220719326e+002 -3.324441380109e+002
  4.346118859591e+002 -3.337063796110e+002
  4.363016975866e+002 -3.349686194192e+002
  4.379915068335e+002 -3.362308574492e+002
  4.396813137179e+002 -3.374930937144e+002
  4.413711182578e+002 -3.387553282283e+002
  4.430609204708e+002 -3.400175610042e+002
  4.447507203745e+002 -3.412797920550e+002
  4.464405179861e+002 -3.425420213937e+002
  4.481303133228e+002 -3.438042490331e+002
  4.498201064015e+002 -3.450664749859e+002
  4.515098972390e+002 -3.463286992645e+002
  4.531996858517e+002 -3.475909218814e+002
  4.548894722562e+002 -3.488531428487e+002
  4.565792564685e+002 -3.501153621785e+002
  4.582690385047e+002 -3.513775798829e+002
  4.599588183806e+002 -3.526397959736e+002
  4.616485961120e+002 -3.539020104623e+002
  4.633383717142e+002 -3.551642233606e+002
  4.650281452026e+002 -3.564264346800e+002
  4.667179165924e+002 -3.576886444318e+002
  4.684076858986e+002 -3.589508526272e+002
  4.700974531360e+002 -3.602130592773e+002
  4.717872183194e+002 -3.614752643931e+002
  4.734769814632e+002 -3.627374679853e+002
  4.751667425818e+002 -3.639996700648e+002
  4.768565016894e+002 -3.652618706422e+002
  4.785462588001e+002 -3.665240697280e+002
  4.802360139279e+002 -3.677862673325e+002
  4.819257670865e+002 -3.690484634661e+002
  4.836155182895e+002 -3.703106581390e+002
  4.853052675506e+002 -3.715728513612e+002
  4.869950148829e+002 -3.728350431428e+002
  4.886847602997e+002 -3.740972334936e+002
  4.903745038142e+002 -3.753594224233e+002
  4.920642454392e+002 -3.766216099417e+002
  4.937539851877e+002 -3.778837960583e+002
  4.954437230722e+002 -3.791459807826e+002
  4.971334591053e+002 -3.804081641240e+002
  4.988231932995e+002 -3.816703460918e+002
  5.005129256671e+002 -3.829325266951e+002
  5.022026562202e+002 -3.841947059432e+002
  5.038923849710e+002 -3.854568838449e+002
  5.055821119314e+002 -3.867190604092e+002
  5.072718371132e+002 -3.879812356449e+002
  5.089615605281e+002 -3.892434095609e+002
  5.106512821877e+002 -3.905055821656e+002
  5.123410021034e+002 -3.917677534679e+002
  5.140307202868e+002 -3.930299234760e+002
  5.157204367489e+002 -3.942920921984e+002
  5.174101515011e+002 -3.955542596435e+002
  5.190998645542e+002 -3.968164258195e+002
  5.207895759192e+002 -3.980785907346e+002
  5.224792856071e+002 -3.993407543968e+002
  5.241689936284e+002 -4.006029168142e+002
  5.258586999938e+002 -4.018650779947e+002
  5.275484047139e+002 -4.031272379462e+002
  5.292381077990e+002 -4.043893966764e+002
  5.309278092595e+002 -4.056515541930e+002
  5.326175091056e+002 -4.069137105037e+002
  5.343072073474e+002 -4.081758656161e+002
  5.359969039950e+002 -4.094380195377e+002
  5.376865990582e+002 -4.107001722758e+002
  5.393762925471e+002 -4.119623238378e+002
  5.410659844712e+002 -4.132244742311e+002
  5.427556748403e+002 -4.144866234628e+002
  5.444453636640e+002 -4.157487715401e+002
  5.461350509516e+002 -4.170109184701e+002
  5.478247367127e+002 -4.182730642598e+002
  5.495144209566e+002 -4.195352089161e+002
  5.512041036924e+002 -4.207973524460e+002
  5.528937849294e+002 -4.220594948562e+002
  5.545834646765e+002 -4.233216361536e+002
  5.562731429429e+002 -4.245837763449e+002
  5.579628197372e+002 -4.258459154367e+002
  5.596524950685e+002 -4.271080534356e+002
  5.613421689454e+002 -4.283701903481e+002
  5.630318413765e+002 -4.296323261807e+002
  5.647215123706e+002 -4.308944609398e+002
  5.664111819360e+002 -4.321565946317e+002
  5.681008500812e+002 -4.334187272628e+002
  5.697905168146e+002 -4.346808588394e+002
  5.714801821445e+002 -4.359429893675e+002
  5.731698460790e+002 -4.372051188534e+002
  5.748595086264e+002 -4.384672473030e+002
  5.765491697946e+002 -4.397293747226e+002
  5.782388295917e+002 -4.409915011179e+002
  5.799284880257e+002 -4.422536264949e+002
  5.816181451043e+002 -4.435157508596e+002
  5.833078008353e+002 -4.447778742177e+002
  5.849974552266e+002 -4.460399965750e+002
  5.866871082857e+002 -4.473021179373e+002
  5.883767600203e+002 -4.485642383101e+002
  5.900664104378e+002 -4.498263576992e+002
  5.917560595458e+002 -4.510884761101e+002
  5.934457073517e+002 -4.523505935483e+002
  5.951353538627e+002 -4.536127100193e+002
  5.968249990862e+002 -4.548748255286e+002
  5.985146430294e+002 -4.561369400815e+002
  6.002042856995e+002 -4.573990536834e+002
  6.018939271035e+002 -4.586611663396e+002
  6.035835672484e+002 -4.599232780553e+002
  6.052732061413e+002 -4.611853888358e+002
  6.069628437891e+002 -4.624474986862e+002
  6.086524801986e+002 -4.637096076117e+002
  6.103421153767e+002 -4.649717156173e+002
  6.120317493301e+002 -4.662338227081e+002
  6.137213820654e+002 -4.674959288891e+002
  6.154110135895e+002 -4.687580341653e+002
  6.171006439087e+002 -4.700201385415e+002
  6.187902730297e+002 -4.712822420226e+002
  6.204799009589e+002 -4.725443446136e+002
  6.221695277028e+002 -4.738064463191e+002
  6.238591532677e+002 -4.750685471440e+002
  6.255487776600e+002 -4.763306470930e+002
  6.272384008860e+002 -4.775927461707e+002
  6.289280229518e+002 -4.788548443819e+002
  6.306176438637e+002 -4.801169417310e+002
  6.323072636277e+002 -4.813790382228e+002
  6.339968822499e+002 -4.826411338617e+002
  6.356864997365e+002 -4.839032286523e+002
  6.373761160932e+002 -4.851653225989e+002
  6.390657313262e+002 -4.864274157061e+002
  6.407553454412e+002 -4.876895079783e+002
  6.424449584442e+002 -4.889515994197e+002
  6.441345703408e+002 -4.902136900348e+002
  6.458241811369e+002 -4.914757798278e+002
  6.475137908382e+002 -4.927378688030e+002
  6.492033994503e+002 -4.939999569646e+002
  6.508930069788e+002 -4.952620443168e+002
  6.525826134293e+002 -4.965241308638e+002
  6.542722188074e+002 -4.977862166097e+002
  6.559618231185e+002 -4.990483015586e+002
  6.576514263681e+002 -5.003103857146e+002
  6.593410285616e+002 -5.015724690817e+002
  6.610306297043e+002 -5.028345516639e+002
  6.627202298016e+002 -5.040966334653e+002
  6.644098288588e+002 -5.053587144896e+002
  6.660994268810e+002 -5.066207947409e+002
  6.677890238736e+002 -5.078828742231e+002
  6.694786198416e+002 -5.091449529399e+002
  6.711682147902e+002 -5.104070308953e+002
  6.728578087244e+002 -5.116691080930e+002
  6.745474016494e+002 -5.129311845368e+002
  6.762369935702e+002 -5.141932602304e+002
  6.779265844916e+002 -5.154553351777e+002
  6.796161744187e+002 -5.167174093821e+002
  6.813057633563e+002 -5.179794828475e+002
  6.829953513093e+002 -5.192415555774e+002
  6.846849382826e+002 -5.205036275754e+002
  6.863745242809e+002 -5.217656988452e+002
  6.880641093090e+002 -5.230277693903e+002
  6.897536933716e+002 -5.242898392141e+002
  6.914432764734e+002 -5.255519083203e+002
  6.931328586191e+002 -5.268139767123e+002
  6.948224398132e+002 -5.280760443935e+002
  6.965120200605e+002 -5.293381113674e+002
  6.982015993653e+002 -5.306001776373e+002
  6.998911777323e+002 -5.318622432067e+002
  7.015807551659e+002 -5.331243080789e+002
  7.032703316706e+002 -5.343863722573e+002
  7.049599072508e+002 -5.356484357450e+002
  7.066494819109e+002 -5.369104985455e+002
  7.083390556553e+002 -5.381725606620e+002
  7.100286284883e+002 -5.394346220977e+002
  7.117182004143e+002 -5.406966828558e+002
  7.134077714373e+002 -5.419587429395e+002
  7.150973415618e+002 -5.432208023520e+002
  7.167869107920e+002 -5.444828610964e+002
  7.184764791319e+002 -5.457449191759e+002
  7.201660465858e+002 -5.470069765935e+002
  7.218556131577e+002 -5.482690333524e+002
  7.235451788519e+002 -5.495310894556e+002
  7.252347436723e+002 -5.507931449061e+002
  7.269243076229e+002 -5.520551997069e+002
  7.286138707079e+002 -5.533172538611e+002
  7.303034329311e+002 -5.545793073716e+002
  7.319929942966e+002 -5.558413602413e+002
  7.336825548082e+002 -5.571034124733e+002
  7.353721144698e+002 -5.583654640703e+002
  7.370616732854e+002 -5.596275150354e+002
  7.387512312588e+002 -5.608895653714e+002
  7.404407883937e+002 -5.621516150811e+002
  7.421303446941e+002 -5.634136641674e+002
  7.438199001636e+002 -5.646757126330e+002
  7.455094548060e+002 -5.659377604808e+002
  7.471990086250e+002 -5.671998077137e+002
  7.488885616244e+002 -5.684618543342e+002
  7.505781138077e+002 -5.697239003452e+002
  7.522676651787e+002 -5.709859457493e+002
  7.539572157409e+002 -5.722479905494e+002
  7.556467654980e+002 -5.735100347480e+002
  7.573363144534e+002 -5.747720783479e+002
  7.590258626109e+002 -5.760341213516e+002
  7.607154099738e+002 -5.772961637619e+002
  7.624049565458e+002 -5.785582055814e+002
  7.640945023302e+002 -5.798202468125e+002
  7.657840473305e+002 -5.810822874580e+002
  7.674735915502e+002 -5.823443275204e+002
  7.691631349926e+002 -5.836063670022e+002
  7.708526776613e+002 -5.848684059060e+002
  7.725422195594e+002 -5.861304442342e+002
  7.742317606904e+002 -5.873924819894e+002
  7.759213010576e+002 -5.886545191741e+002
  7.776108406643e+002 -5.899165557907e+002
  7.793003795137e+002 -5.911785918417e+002
  7.809899176092e+002 -5.924406273294e+002
  7.826794549540e+002 -5.937026622564e+002
  7.843689915512e+002 -5.949646966250e+002
  7.860585274041e+002 -5.962267304377e+002
  7.877480625159e+002 -5.974887636967e+002
  7.894375968896e+002 -5.987507964044e+002
  7.911271305285e+002 -6.000128285633e+002
  7.928166634357e+002 -6.012748601755e+002
  7.945061956142e+002 -6.025368912435e+002
  7.961957270672e+002 -6.037989217695e+002
  7.978852577976e+002 -6.050609517558e+002
  7.995747878086e+002 -6.063229812046e+002
  8.012643171030e+002 -6.075850101183e+002
  8.029538456841e+002 -6.088470384991e+002
  8.046433735546e+002 -6.101090663491e+002
  8.063329007176e+002 -6.113710936707e+002
  8.080224271761e+002 -6.126331204659e+002
  8.097119529329e+002 -6.138951467370e+002
  8.114014779909e+002 -6.151571724862e+002
  8.130910023531e+002 -6.164191977156e+002
  8.147805260223e+002 -6.176812224274e+002
  8.164700490014e+002 -6.189432466236e+002
  8.181595712931e+002 -6.202052703065e+002
  8.198490929004e+002 -6.214672934780e+002
  8.215386138260e+002 -6.227293161404e+002
  8.232281340727e+002 -6.239913382957e+002
  8.249176536433e+002 -6.252533599459e+002
  8.266071725405e+002 -6.265153810931e+002
  8.282966907670e+002 -6.277774017393e+002
  8.299862083256e+002 -6.290394218866e+002
  8.316757252190e+002 -6.303014415370e+002
  8.333652414498e+002 -6.315634606926e+002
  8.350547570207e+002 -6.328254793551e+002
  8.367442719344e+002 -6.340874975268e+002
  8.384337861935e+002 -6.353495152095e+002
  8.401232998007e+002 -6.366115324052e+002
  8.418128127584e+002 -6.378735491158e+002
  8.435023250694e+002 -6.391355653433e+002
  8.451918367362e+002 -6.403975810896e+002
  8.468813477612e+002 -6.416595963566e+002
  8.485708581472e+002 -6.429216111462e+002
  8.502603678966e+002 -6.441836254602e+002
  8.519498770119e+002 -6.454456393007e+002
  8.536393854957e+002 -6.467076526693e+002
  8.553288933503e+002 -6.479696655681e+002
  8.570184005784e+002 -6.492316779988e+002
  8.587079071822e+002 -6.504936899632e+002
  8.603974131643e+002 -6.517557014632e+002
  8.620869185271e+002 -6.530177125006e+002
  8.637764232730e+002 -6.542797230772e+002
  8.654659274044e+002 -6.555417331948e+002
  8.671554309237e+002 -6.568037428552e+002
  8.688449338332e+002 -6.580657520601e+002
  8.705344361353e+002 -6.593277608112e+002
  8.722239378324e+002 -6.605897691105e+002
  8.739134389267e+002 -6.618517769595e+002
  8.756029394206e+002 -6.631137843600e+002
  8.772924393164e+002 -6.643757913137e+002
  8.789819386164e+002 -6.656377978224e+002
  8.806714373229e+002 -6.668998038877e+002
  8.823609354380e+002 -6.681618095113e+002
  8.840504329641e+002 -6.694238146949e+002
  8.857399299034e+002 -6.706858194403e+002
  8.874294262582e+002 -6.719478237489e+002
  8.891189220305e+002 -6.732098276225e+002
  8.908084172227e+002 -6.744718310628e+002
  8.924979118369e+002 -6.757338340713e+002
  8.941874058753e+002 -6.769958366497e+002
  8.958768993401e+002 -6.782578387997e+002
  8.975663922333e+002 -6.795198405227e+002
  8.992558845572e+002 -6.807818418204e+002
  9.009453763139e+002 -6.820438426944e+002
  9.026348675054e+002 -6.833058431463e+002
  9.043243581339e+002 -6.845678431776e+002
  9.060138482014e+002 -6.858298427900e+002
  9.077033377101e+002 -6.870918419848e+002
  9.093928266621e+002 -6.883538407638e+002
  9.110823150592e+002 -6.896158391284e+002
  9.127718029037e+002 -6.908778370801e+002
  9.144612901976e+002 -6.921398346206e+002
  9.161507769428e+002 -6.934018317512e+002
  9.178402631414e+002 -6.946638284735e+002
  9.195297487953e+002 -6.959258247890e+002
  9.212192339066e+002 -6.971878206991e+002
  9.229087184773e+002 -6.984498162054e+002
  9.245982025093e+002 -6.997118113093e+002
  9.262876860045e+002 -7.009738060123e+002
  9.279771689649e+002 -7.022358003158e+002
  9.296666513925e+002 -7.034977942213e+002
  9.313561332891e+002 -7.047597877301e+002
  9.330456146567e+002 -7.060217808438e+002
  9.347350954972e+002 -7.072837735638e+002
  9.364245758125e+002 -7.085457658915e+002
  9.381140556044e+002 -7.098077578282e+002
  9.398035348749e+002 -7.110697493754e+002
  9.414930136258e+002 -7.123317405345e+002
  9.431824918589e+002 -7.135937313068e+002
  9.448719695761e+002 -7.148557216938e+002
  9.465614467792e+002 -7.161177116968e+002
  9.482509234701e+002 -7.173797013171e+002
  9.499403996506e+002 -7.186416905561e+002
  9.516298753224e+002 -7.199036794152e+002
  9.533193504873e+002 -7.211656678958e+002
  9.550088251473e+002 -7.224276559990e+002
  9.566982993039e+002 -7.236896437263e+002
  9.583877729590e+002 -7.249516310791e+002
  9.600772461144e+002 -7.262136180585e+002
  9.617667187718e+002 -7.274756046659e+002
  9.634561909328e+002 -7.287375909026e+002
  9.651456625994e+002 -7.299995767699e+002
  9.668351337731e+002 -7.312615622691e+002
  9.685246044558e+002 -7.325235474014e+002
  9.702140746490e+002 -7.337855321682e+002
  9.719035443545e+002 -7.350475165707e+002
  9.735930135740e+002 -7.363095006101e+002
  9.752824823092e+002 -7.375714842877e+002
  9.769719505616e+002 -7.388334676048e+002
  9.786614183331e+002 -7.400954505626e+002
  9.803508856252e+002 -7.413574331623e+002
  9.820403524395e+002 -7.426194154051e+002
  9.837298187778e+002 -7.438813972924e+002
  9.854192846416e+002 -7.451433788252e+002
  9.871087500325e+002 -7.464053600048e+002
  9.887982149522e+002 -7.476673408324e+002
  9.904876794022e+002 -7.489293213091e+002
  9.921771433842e+002 -7.501913014363e+002
  9.938666068998e+002 -7.514532812150e+002
  9.955560699504e+002 -7.527152606465e+002
  9.972455325377e+002 -7.539772397319e+002
  9.989349946633e+002 -7.552392184723e+002
  1.000624456329e+003 -7.565011968690e+002
  1.002313917535e+003 -7.577631749231e+002
  1.004003378285e+003 -7.590251526358e+002
  1.005692838579e+003 -7.602871300081e+002
  1.007382298419e+003 -7.615491070412e+002
  1.009071757806e+003 -7.628110837363e+002
  1.010761216742e+003 -7.640730600944e+002
  1.012450675229e+003 -7.653350361168e+002
  1.014140133268e+003 -7.665970118044e+002
  1.015829590860e+003 -7.678589871585e+002
  1.017519048007e+003 -7.691209621801e+002
  1.019208504710e+003 -7.703829368703e+002
  1.020897960971e+003 -7.716449112302e+002
  1.022587416792e+003 -7.729068852609e+002
  1.024276872173e+003 -7.741688589635e+002
  1.025966327116e+003 -7.754308323391e+002
  1.027655781623e+003 -7.766928053886e+002
  1.029345235695e+003 -7.779547781133e+002
  1.031034689333e+003 -7.792167505141e+002
  1.032724142540e+003 -7.804787225921e+002
  1.034413595315e+003 -7.817406943484e+002
  1.036103047661e+003 -7.830026657840e+002
  1.037792499580e+003 -7.842646368999e+002
  1.039481951071e+003 -7.855266076972e+002
  1.041171402138e+003 -7.867885781769e+002
  1.042860852781e+003 -7.880505483400e+002
  1.044550303001e+003 -7.893125181876e+002
  1.046239752800e+003 -7.905744877206e+002
  1.047929202180e+003 -7.918364569401e+002
  1.049618651141e+003 -7.930984258471e+002
  1.051308099685e+003 -7.943603944426e+002
  1.052997547813e+003 -7.956223627275e+002
  1.054686995527e+003 -7.968843307029e+002
  1.056376442828e+003 -7.981462983698e+002
  1.058065889717e+003 -7.994082657291e+002
  1.059755336196e+003 -8.006702327818e+002
  1.061444782265e+003 -8.019321995289e+002
  1.063134227927e+003 -8.031941659713e+002
  1.064823673182e+003 -8.044561321100e+002
  1.066513118032e+003 -8.057180979461e+002
  1.068202562478e+003 -8.069800634803e+002
  1.069892006521e+003 -8.082420287137e+002
  1.071581450163e+003 -8.095039936473e+002
  1.073270893404e+003 -8.107659582818e+002
  1.074960336247e+003 -8.120279226184e+002
  1.076649778691e+003 -8.132898866579e+002
  1.078339220740e+003 -8.145518504013e+002
  1.080028662393e+003 -8.158138138494e+002
  1.081718103652e+003 -8.170757770033e+002
  1.083407544518e+003 -8.183377398637e+002
  1.085096984993e+003 -8.195997024317e+002
  1.086786425077e+003 -8.208616647081e+002
  1.088475864773e+003 -8.221236266938e+002
  1.090165304080e+003 -8.233855883897e+002
  1.091854743001e+003 -8.246475497967e+002
  1.093544181536e+003 -8.259095109158e+002
  1.095233619686e+003 -8.271714717477e+002
  1.096923057454e+003 -8.284334322935e+002
  1.098612494839e+003 -8.296953925538e+002
  1.100301931844e+003 -8.309573525297e+002
  1.101991368469e+003 -8.322193122220e+002
  1.103680804716e+003 -8.334812716315e+002
  1.105370240585e+003 -8.347432307591e+002
  1.107059676077e+003 -8.360051896057e+002
  1.108749111195e+003 -8.372671481722e+002
  1.110438545939e+003 -8.385291064593e+002
  1.112127980310e+003 -8.397910644679e+002
  1.113817414309e+003 -8.410530221989e+002
  1.115506847938e+003 -8.423149796531e+002
  1.117196281198e+003 -8.435769368313e+002
  1.118885714088e+003 -8.448388937344e+002
  1.120575146612e+003 -8.461008503632e+002
  1.122264578770e+003 -8.473628067185e+002
  1.123954010562e+003 -8.486247628011e+002
  1.125643441991e+003 -8.498867186118e+002
  1.127332873057e+003 -8.511486741516e+002
  1.129022303761e+003 -8.524106294211e+002
  1.130711734104e+003 -8.536725844211e+002
  1.132401164088e+003 -8.549345391525e+002
  1.134090593713e+003 -8.561964936161e+002
  1.135780022981e+003 -8.574584478127e+002
  1.137469451892e+003 -8.587204017430e+002
  1.139158880448e+003 -8.599823554079e+002
  1.140848308649e+003 -8.612443088080e+002
  1.142537736497e+003 -8.625062619443e+002
  1.144227163993e+003 -8.637682148175e+002
  1.145916591138e+003 -8.650301674283e+002
  1.147606017933e+003 -8.662921197775e+002
  1.149295444378e+003 -8.675540718659e+002
  1.150984870475e+003 -8.688160236943e+002
  1.152674296225e+003 -8.700779752634e+002
  1.154363721629e+003 -8.713399265739e+002
  1.156053146688e+003 -8.726018776267e+002
  1.157742571403e+003 -8.738638284224e+002
  1.159431995775e+003 -8.751257789619e+002
  1.161121419804e+003 -8.763877292458e+002
  1.162810843493e+003 -8.776496792749e+002
  1.164500266841e+003 -8.789116290499e+002
  1.166189689851e+003 -8.801735785716e+002
  1.167879112522e+003 -8.814355278407e+002
  1.169568534855e+003 -8.826974768579e+002
  1.171257956853e+003 -8.839594256240e+002
  1.172947378515e+003 -8.852213741396e+002
  1.174636799843e+003 -8.864833224055e+002
  1.176326220838e+003 -8.877452704225e+002
  1.178015641501e+003 -8.890072181911e+002
  1.179705061831e+003 -8.902691657121e+002
  1.181394481832e+003 -8.915311129863e+002
  1.183083901503e+003 -8.927930600143e+002
  1.184773320845e+003 -8.940550067969e+002
  1.186462739859e+003 -8.953169533347e+002
  1.188152158547e+003 -8.965788996283e+002
  1.189841576909e+003 -8.978408456786e+002
  1.191530994946e+003 -8.991027914862e+002
  1.193220412659e+003 -9.003647370518e+002
  1.194909830049e+003 -9.016266823761e+002
  1.196599247117e+003 -9.028886274596e+002
  1.198288663863e+003 -9.041505723032e+002
  1.199978080289e+003 -9.054125169075e+002
  1.201667496396e+003 -9.066744612732e+002
  1.203356912184e+003 -9.079364054009e+002
  1.205046327654e+003 -9.091983492913e+002
  1.206735742808e+003 -9.104602929450e+002
  1.208425157645e+003 -9.117222363627e+002
  1.210114572168e+003 -9.129841795452e+002
  1.211803986376e+003 -9.142461224929e+002
  1.213493400271e+003 -9.155080652067e+002
  1.215182813854e+003 -9.167700076870e+002
  1.216872227125e+003 -9.180319499347e+002
  1.218561640086e+003 -9.192938919502e+002
  1.220251052736e+003 -9.205558337343e+002
  1.221940465078e+003 -9.218177752876e+002
  1.223629877111e+003 -9.230797166107e+002
  1.225319288837e+003 -9.243416577043e+002
  1.227008700257e+003 -9.256035985690e+002
  1.228698111371e+003 -9.268655392054e+002
  1.230387522181e+003 -9.281274796141e+002
  1.232076932686e+003 -9.293894197958e+002
  1.233766342888e+003 -9.306513597511e+002
  1.235455752788e+003 -9.319132994806e+002
  1.237145162387e+003 -9.331752389849e+002
  1.238834571685e+003 -9.344371782646e+002
  1.240523980683e+003 -9.356991173204e+002
  1.242213389382e+003 -9.369610561528e+002
  1.243902797782e+003 -9.382229947624e+002
  1.245592205886e+003 -9.394849331499e+002
  1.247281613693e+003 -9.407468713159e+002
  1.248971021204e+003 -9.420088092609e+002
  1.250660428420e+003 -9.432707469856e+002
  1.252349835342e+003 -9.445326844904e+002
  1.254039241970e+003 -9.457946217762e+002
  1.255728648306e+003 -9.470565588433e+002
  1.257418054350e+003 -9.483184956924e+002
  1.259107460103e+003 -9.495804323241e+002
  1.260796865565e+003 -9.508423687390e+002
  1.262486270738e+003 -9.521043049376e+002
  1.264175675622e+003 -9.533662409205e+002
  1.265865080219e+003 -9.546281766883e+002
  1.267554484528e+003 -9.558901122416e+002
  1.269243888551e+003 -9.571520475809e+002
  1.270933292288e+003 -9.584139827068e+002
  1.272622695740e+003 -9.596759176199e+002
  1.274312098908e+003 -9.609378523207e+002
  1.276001501792e+003 -9.621997868097e+002
  1.277690904394e+003 -9.634617210877e+002
  1.279380306714e+003 -9.647236551550e+002
  1.281069708752e+003 -9.659855890123e+002
  1.282759110510e+003 -9.672475226600e+002
  1.284448511989e+003 -9.685094560989e+002
  1.286137913188e+003 -9.697713893293e+002
  1.287827314109e+003 -9.710333223519e+002
  1.289516714753e+003 -9.722952551671e+002
  1.291206115120e+003 -9.735571877756e+002
  1.292895515210e+003 -9.748191201779e+002
  1.294584915026e+003 -9.760810523744e+002
  1.296274314567e+003 -9.773429843658e+002
  1.297963713833e+003 -9.786049161526e+002
  1.299653112827e+003 -9.798668477353e+002
  1.301342511548e+003 -9.811287791143e+002
  1.303031909997e+003 -9.823907102904e+002
  1.304721308175e+003 -9.836526412639e+002
  1.306410706083e+003 -9.849145720355e+002
  1.308100103720e+003 -9.861765026055e+002
  1.309789501089e+003 -9.874384329746e+002
  1.311478898190e+003 -9.887003631432e+002
  1.313168295023e+003 -9.899622931120e+002
  1.314857691588e+003 -9.912242228813e+002
  1.316547087888e+003 -9.924861524516e+002
  1.318236483922e+003 -9.937480818236e+002
  1.319925879691e+003 -9.950100109977e+002
  1.321615275196e+003 -9.962719399744e+002
  1.323304670437e+003 -9.975338687542e+002
  1.324994065415e+003 -9.987957973377e+002
  1.326683460131e+003 -1.000057725725e+003
  1.328372854586e+003 -1.001319653917e+003
  1.330062248779e+003 -1.002581581915e+003
  1.331751642713e+003 -1.003843509717e+003
  1.333441036386e+003 -1.005105437326e+003
  1.335130429801e+003 -1.006367364742e+003
  1.336819822958e+003 -1.007629291964e+003
  1.338509215857e+003 -1.008891218995e+003
  1.340198608498e+003 -1.010153145833e+003
  1.341888000884e+003 -1.011415072479e+003
  1.343577393014e+003 -1.012676998935e+003
  1.345266784888e+003 -1.013938925200e+003
  1.346956176509e+003 -1.015200851275e+003
  1.348645567875e+003 -1.016462777161e+003
  1.350334958988e+003 -1.017724702857e+003
  1.352024349849e+003 -1.018986628365e+003
  1.353713740458e+003 -1.020248553684e+003
  1.355403130816e+003 -1.021510478816e+003
  1.357092520923e+003 -1.022772403761e+003
  1.358781910779e+003 -1.024034328519e+003
  1.360471300387e+003 -1.025296253090e+003
  1.362160689746e+003 -1.026558177476e+003
  1.363850078856e+003 -1.027820101677e+003
  1.365539467719e+003 -1.029082025692e+003
  1.367228856335e+003 -1.030343949523e+003
  1.368918244705e+003 -1.031605873170e+003
  1.370607632829e+003 -1.032867796633e+003
  1.372297020707e+003 -1.034129719914e+003
  1.373986408342e+003 -1.035391643011e+003
  1.375675795732e+003 -1.036653565927e+003
  1.377365182879e+003 -1.037915488660e+003
  1.379054569783e+003 -1.039177411212e+003
  1.380743956445e+003 -1.040439333584e+003
  1.382433342865e+003 -1.041701255775e+003
  1.384122729045e+003 -1.042963177786e+003
  1.385812114984e+003 -1.044225099617e+003
  1.387501500683e+003 -1.045487021269e+003
  1.389190886143e+003 -1.046748942743e+003
  1.390880271364e+003 -1.048010864038e+003
  1.392569656348e+003 -1.049272785156e+003
  1.394259041094e+003 -1.050534706096e+003
  1.395948425602e+003 -1.051796626859e+003
  1.397637809875e+003 -1.053058547445e+003
  1.399327193912e+003 -1.054320467856e+003
  1.401016577713e+003 -1.055582388090e+003
  1.402705961280e+003 -1.056844308150e+003
  1.404395344613e+003 -1.058106228034e+003
  1.406084727712e+003 -1.059368147744e+003
  1.407774110578e+003 -1.060630067280e+003
  1.409463493212e+003 -1.061891986643e+003
  1.411152875614e+003 -1.063153905832e+003
  1.412842257784e+003 -1.064415824848e+003
  1.414531639724e+003 -1.065677743693e+003
  1.416221021434e+003 -1.066939662365e+003
  1.417910402914e+003 -1.068201580865e+003
  1.419599784165e+003 -1.069463499195e+003
  1.421289165187e+003 -1.070725417353e+003
  1.422978545981e+003 -1.071987335342e+003
  1.424667926548e+003 -1.073249253160e+003
  1.426357306888e+003 -1.074511170809e+003
  1.428046687001e+003 -1.075773088289e+003
  1.429736066889e+003 -1.077035005600e+003
  1.431425446551e+003 -1.078296922743e+003
  1.433114825988e+003 -1.079558839717e+003
  1.434804205201e+003 -1.080820756525e+003
  1.436493584191e+003 -1.082082673165e+003
  1.438182962957e+003 -1.083344589638e+003
  1.439872341500e+003 -1.084606505945e+003
  1.441561719821e+003 -1.085868422086e+003
  1.443251097921e+003 -1.087130338061e+003
  1.444940475799e+003 -1.088392253872e+003
  1.446629853456e+003 -1.089654169517e+003
  1.448319230894e+003 -1.090916084998e+003
  1.450008608112e+003 -1.092178000315e+003
  1.451697985110e+003 -1.093439915468e+003
  1.453387361890e+003 -1.094701830458e+003
  1.455076738452e+003 -1.095963745285e+003
  1.456766114797e+003 -1.097225659949e+003
  1.458455490924e+003 -1.098487574451e+003
  1.460144866834e+003 -1.099749488792e+003
  1.461834242529e+003 -1.101011402971e+003
  1.463523618008e+003 -1.102273316989e+003
  1.465212993272e+003 -1.103535230846e+003
  1.466902368321e+003 -1.104797144543e+003
  1.468591743156e+003 -1.106059058080e+003
  1.470281117777e+003 -1.107320971458e+003
  1.471970492186e+003 -1.108582884676e+003
  1.473659866381e+003 -1.109844797735e+003
  1.475349240365e+003 -1.111106710636e+003
  1.477038614137e+003 -1.112368623379e+003
  1.478727987697e+003 -1.113630535964e+003
  1.480417361047e+003 -1.114892448392e+003
  1.482106734187e+003 -1.116154360662e+003
  1.483796107117e+003 -1.117416272776e+003
  1.485485479837e+003 -1.118678184734e+003
  1.487174852349e+003 -1.119940096535e+003
  1.488864224653e+003 -1.121202008181e+003
  1.490553596748e+003 -1.122463919672e+003
  1.492242968636e+003 -1.123725831008e+003
  1.493932340318e+003 -1.124987742189e+003
  1.495621711792e+003 -1.126249653216e+003
  1.497311083061e+003 -1.127511564089e+003
  1.499000454124e+003 -1.128773474808e+003
  1.500689824982e+003 -1.130035385375e+003
  1.502379195636e+003 -1.131297295788e+003
  1.504068566085e+003 -1.132559206049e+003
  1.505757936331e+003 -1.133821116158e+003
  1.507447306373e+003 -1.135083026115e+003
  1.509136676213e+003 -1.136344935921e+003
  1.510826045850e+003 -1.137606845575e+003
  1.512515415285e+003 -1.138868755079e+003
  1.514204784519e+003 -1.140130664432e+003
  1.515894153552e+003 -1.141392573635e+003
  1.517583522385e+003 -1.142654482688e+003
  1.519272891017e+003 -1.143916391592e+003
  1.520962259449e+003 -1.145178300346e+003
  1.522651627683e+003 -1.146440208952e+003
  1.524340995717e+003 -1.147702117409e+003
  1.526030363554e+003 -1.148964025718e+003
  1.527719731192e+003 -1.150225933880e+003
  1.529409098633e+003 -1.151487841893e+003
  1.531098465877e+003 -1.152749749760e+003
  1.532787832924e+003 -1.154011657480e+003
  1.534477199775e+003 -1.155273565053e+003
  1.536166566430e+003 -1.156535472480e+003
  1.537855932890e+003 -1.157797379761e+003
  1.539545299156e+003 -1.159059286897e+003
  1.541234665226e+003 -1.160321193887e+003
  1.542924031103e+003 -1.161583100732e+003
  1.544613396786e+003 -1.162845007433e+003
  1.546302762276e+003 -1.164106913989e+003
  1.547992127573e+003 -1.165368820402e+003
  1.549681492678e+003 -1.166630726671e+003
  1.551370857591e+003 -1.167892632796e+003
  1.553060222312e+003 -1.169154538778e+003
  1.554749586842e+003 -1.170416444618e+003
  1.556438951182e+003 -1.171678350315e+003
  1.558128315331e+003 -1.172940255870e+003
  1.559817679290e+003 -1.174202161283e+003
