  1.786334024722e+000 -1.366521797915e+000
  1.786334024722e+000 -1.366521797915e+000
  1.786334024721e+000 -1.366521797914e+000
  1.786334024721e+000 -1.366521797914e+000
  1.786334024720e+000 -1.366521797914e+000
  1.786334024719e+000 -1.366521797913e+000
  1.786334024718e+000 -1.366521797912e+000
  1.786334024717e+000 -1.366521797911e+000
  1.786334024716e+000 -1.366521797910e+000
  1.786334024715e+000 -1.366521797909e+000
  1.786334024713e+000 -1.366521797908e+000
  1.786334024711e+000 -1.366521797907e+000
  1.786334024709e+000 -1.366521797905e+000
  1.786334024707e+000 -1.366521797904e+000
  1.786334024705e+000 -1.366521797902e+000
  1.786334024702e+000 -1.366521797900e+000
  1.786334024699e+000 -1.366521797898e+000
  1.786334024696e+000 -1.366521797896e+000
  1.786334024693e+000 -1.366521797893e+000
  1.786334024690e+000 -1.366521797891e+000
  1.786334024687e+000 -1.366521797889e+000
  1.786334024683e+000 -1.366521797886e+000
  1.786334024679e+000 -1.366521797883e+000
  1.786334024675e+000 -1.366521797880e+000
  1.786334024671e+000 -1.366521797877e+000
  1.786334024667e+000 -1.366521797874e+000
  1.786334024663e+000 -1.366521797870e+000
  1.786334024658e+000 -1.366521797867e+000
  1.786334024653e+000 -1.366521797863e+000
  1.786334024648e+000 -1.366521797860e+000
  1.786334024643e+000 -1.366521797856e+000
  1.786334024638e+000 -1.366521797852e+000
  1.786334024632e+000 -1.366521797848e+000
  1.786334024626e+000 -1.366521797844e+000
  1.786334024621e+000 -1.366521797839e+000
  1.786334024615e+000 -1.366521797835e+000
  1.786334024608e+000 -1.366521797830e+000
  1.786334024602e+000 -1.366521797825e+000
  1.786334024595e+000 -1.366521797820e+000
  1.786334024589e+000 -1.366521797815e+000
  1.786334024582e+000 -1.366521797810e+000
  1.786334024575e+000 -1.366521797805e+000
  1.786334024567e+000 -1.366521797799e+000
  1.786334024560e+000 -1.366521797794e+000
  1.786334024552e+000 -1.366521797788e+000
  1.786334024545e+000 -1.366521797782e+000
  1.786334024537e+000 -1.366521797776e+000
  1.786334024529e+000 -1.366521797770e+000
  1.786334024520e+000 -1.366521797764e+000
  1.786334024512e+000 -1.366521797758e+000
  1.786334024503e+000 -1.366521797751e+000
  1.786334024494e+000 -1.366521797745e+000
  1.786334024485e+000 -1.366521797738e+000
  1.786334024476e+000 -1.366521797731e+000
  1.786334024467e+000 -1.366521797724e+000
  1.786334024457e+000 -1.366521797717e+000
  1.786334024447e+000 -1.366521797710e+000
  1.786334024438e+000 -1.366521797702e+000
  1.786334024428e+000 -1.366521797695e+000
  1.786334024417e+000 -1.366521797687e+000
  1.786334024407e+000 -1.366521797680e+000
  1.786334024396e+000 -1.366521797672e+000
  1.786334024386e+000 -1.366521797664e+000
  1.786334024375e+000 -1.366521797655e+000
  1.786334024364e+000 -1.366521797647e+000
  1.786334024352e+000 -1.366521797639e+000
  1.786334024341e+000 -1.366521797630e+000
  1.786334024329e+000 -1.366521797621e+000
  1.786334024317e+000 -1.366521797613e+000
  1.786334024305e+000 -1.366521797604e+000
  1.786334024293e+000 -1.366521797595e+000
  1.786334024281e+000 -1.366521797585e+000
  1.786334024268e+000 -1.366521797576e+000
  1.786334024256e+000 -1.366521797567e+000
  1.786334024243e+000 -1.366521797557e+000
  1.786334024230e+000 -1.366521797547e+000
  1.786334024217e+000 -1.366521797537e+000
  1.786334024203e+000 -1.366521797527e+000
  1.786334024190e+000 -1.366521797517e+000
  1.786334024176e+000 -1.366521797507e+000
  1.786334024162e+000 -1.366521797497e+000
  1.786334024148e+000 -1.366521797486e+000
  1.786334024134e+000 -1.366521797476e+000
  1.786334024119e+000 -1.366521797465e+000
  1.786334024105e+000 -1.366521797454e+000
  1.786334024090e+000 -1.366521797443e+000
  1.786334024075e+000 -1.366521797432e+000
  1.786334024060e+000 -1.366521797420e+000
  1.786334024045e+000 -1.366521797409e+000
  1.786334024029e+000 -1.366521797397e+000
  1.786334024013e+000 -1.366521797386e+000
  1.786334023998e+000 -1.366521797374e+000
  1.786334023982e+000 -1.366521797362e+000
  1.786334023965e+000 -1.366521797350e+000
  1.786334023949e+000 -1.366521797338e+000
  1.786334023933e+000 -1.366521797325e+000
  1.786334023916e+000 -1.366521797313e+000
  1.786334023899e+000 -1.366521797300e+000
  1.786334023882e+000 -1.366521797287e+000
  1.786334023865e+000 -1.366521797275e+000
  1.786334023847e+000 -1.366521797262e+000
  1.786334023830e+000 -1.366521797248e+000
  1.786334023812e+000 -1.366521797235e+000
  1.786334023794e+000 -1.366521797222e+000
  1.786334023776e+000 -1.366521797208e+000
  1.786334023758e+000 -1.366521797195e+000
  1.786334023739e+000 -1.366521797181e+000
  1.786334023721e+000 -1.366521797167e+000
  1.786334023702e+000 -1.366521797153e+000
  1.786334023683e+000 -1.366521797139e+000
  1.786334023664e+000 -1.366521797124e+000
  1.786334023644e+000 -1.366521797110e+000
  1.786334023625e+000 -1.366521797095e+000
  1.786334023605e+000 -1.366521797081e+000
  1.786334023585e+000 -1.366521797066e+000
  1.786334023565e+000 -1.366521797051e+000
  1.786334023545e+000 -1.366521797036e+000
  1.786334023525e+000 -1.366521797021e+000
  1.786334023504e+000 -1.366521797005e+000
  1.786334023484e+000 -1.366521796990e+000
  1.786334023463e+000 -1.366521796974e+000
  1.786334023442e+000 -1.366521796959e+000
  1.786334023420e+000 -1.366521796943e+000
  1.786334023399e+000 -1.366521796927e+000
  1.786334023377e+000 -1.366521796911e+000
  1.786334023356e+000 -1.366521796894e+000
  1.786334023334e+000 -1.366521796878e+000
  1.786334023312e+000 -1.366521796861e+000
  1.786334023289e+000 -1.366521796845e+000
  1.786334023267e+000 -1.366521796828e+000
  1.786334023244e+000 -1.366521796811e+000
  1.786334023221e+000 -1.366521796794e+000
  1.786334023198e+000 -1.366521796777e+000
  1.786334023175e+000 -1.366521796759e+000
  1.786334023152e+000 -1.366521796742e+000
  1.786334023128e+000 -1.366521796724e+000
  1.786334023105e+000 -1.366521796707e+000
  1.786334023081e+000 -1.366521796689e+000
  1.786334023057e+000 -1.366521796671e+000
  1.786334023032e+000 -1.366521796653e+000
  1.786334023008e+000 -1.366521796635e+000
  1.786334022984e+000 -1.366521796616e+000
  1.786334022959e+000 -1.366521796598e+000
  1.786334022934e+000 -1.366521796579e+000
  1.786334022909e+000 -1.366521796560e+000
  1.786334022884e+000 -1.366521796542e+000
  1.786334022858e+000 -1.366521796523e+000
  1.786334022832e+000 -1.366521796503e+000
  1.786334022807e+000 -1.366521796484e+000
  1.786334022781e+000 -1.366521796465e+000
  1.786334022755e+000 -1.366521796445e+000
  1.786334022728e+000 -1.366521796426e+000
  1.786334022702e+000 -1.366521796406e+000
  1.786334022675e+000 -1.366521796386e+000
  1.786334022648e+000 -1.366521796366e+000
  1.786334022621e+000 -1.366521796346e+000
  1.786334022594e+000 -1.366521796325e+000
  1.786334022567e+000 -1.366521796305e+000
  1.786334022539e+000 -1.366521796284e+000
  1.786334022511e+000 -1.366521796264e+000
  1.786334022484e+000 -1.366521796243e+000
  1.786334022455e+000 -1.366521796222e+000
  1.786334022427e+000 -1.366521796201e+000
  1.786334022399e+000 -1.366521796180e+000
  1.786334022370e+000 -1.366521796158e+000
  1.786334022341e+000 -1.366521796137e+000
  1.786334022313e+000 -1.366521796115e+000
  1.786334022283e+000 -1.366521796093e+000
  1.786334022254e+000 -1.366521796071e+000
  1.786334022225e+000 -1.366521796049e+000
  1.786334022195e+000 -1.366521796027e+000
  1.786334022165e+000 -1.366521796005e+000
  1.786334022135e+000 -1.366521795983e+000
  1.786334022105e+000 -1.366521795960e+000
  1.786334022075e+000 -1.366521795937e+000
  1.786334022044e+000 -1.366521795915e+000
  1.786334022014e+000 -1.366521795892e+000
  1.786334021983e+000 -1.366521795869e+000
  1.786334021952e+000 -1.366521795846e+000
  1.786334021920e+000 -1.366521795822e+000
  1.786334021889e+000 -1.366521795799e+000
  1.786334021857e+000 -1.366521795775e+000
  1.786334021826e+000 -1.366521795751e+000
  1.786334021794e+000 -1.366521795728e+000
  1.786334021762e+000 -1.366521795704e+000
  1.786334021729e+000 -1.366521795680e+000
  1.786334021697e+000 -1.366521795655e+000
  1.786334021664e+000 -1.366521795631e+000
  1.786334021632e+000 -1.366521795606e+000
  1.786334021599e+000 -1.366521795582e+000
  1.786334021566e+000 -1.366521795557e+000
  1.786334021532e+000 -1.366521795532e+000
  1.786334021499e+000 -1.366521795507e+000
  1.786334021465e+000 -1.366521795482e+000
  1.786334021431e+000 -1.366521795457e+000
  1.786334021397e+000 -1.366521795431e+000
  1.786334021363e+000 -1.366521795406e+000
  1.786334021329e+000 -1.366521795380e+000
  1.786334021294e+000 -1.366521795354e+000
  1.786334021259e+000 -1.366521795328e+000
  1.786334021225e+000 -1.366521795302e+000
  1.786334021190e+000 -1.366521795276e+000
  1.786334021154e+000 -1.366521795250e+000
  1.786334021119e+000 -1.366521795223e+000
  1.786334021083e+000 -1.366521795197e+000
  1.786334021048e+000 -1.366521795170e+000
  1.786334021012e+000 -1.366521795143e+000
  1.786334020976e+000 -1.366521795116e+000
  1.786334020939e+000 -1.366521795089e+000
  1.786334020903e+000 -1.366521795062e+000
  1.786334020866e+000 -1.366521795035e+000
  1.786334020829e+000 -1.366521795007e+000
  1.786334020792e+000 -1.366521794980e+000
  1.786334020755e+000 -1.366521794952e+000
  1.786334020718e+000 -1.366521794924e+000
  1.786334020680e+000 -1.366521794896e+000
  1.786334020643e+000 -1.366521794868e+000
  1.786334020605e+000 -1.366521794839e+000
  1.786334020567e+000 -1.366521794811e+000
  1.786334020529e+000 -1.366521794783e+000
  1.786334020490e+000 -1.366521794754e+000
  1.786334020452e+000 -1.366521794725e+000
  1.786334020413e+000 -1.366521794696e+000
  1.786334020374e+000 -1.366521794667e+000
  1.786334020335e+000 -1.366521794638e+000
  1.786334020296e+000 -1.366521794609e+000
  1.786334020256e+000 -1.366521794579e+000
  1.786334020217e+000 -1.366521794550e+000
  1.786334020177e+000 -1.366521794520e+000
  1.786334020137e+000 -1.366521794490e+000
  1.786334020097e+000 -1.366521794460e+000
  1.786334020056e+000 -1.366521794430e+000
  1.786334020016e+000 -1.366521794400e+000
  1.786334019975e+000 -1.366521794369e+000
  1.786334019935e+000 -1.366521794339e+000
  1.786334019894e+000 -1.366521794308e+000
  1.786334019852e+000 -1.366521794277e+000
  1.786334019811e+000 -1.366521794247e+000
  1.786334019769e+000 -1.366521794215e+000
  1.786334019728e+000 -1.366521794184e+000
  1.786334019686e+000 -1.366521794153e+000
  1.786334019644e+000 -1.366521794122e+000
  1.786334019602e+000 -1.366521794090e+000
  1.786334019559e+000 -1.366521794058e+000
  1.786334019517e+000 -1.366521794027e+000
  1.786334019474e+000 -1.366521793995e+000
  1.786334019431e+000 -1.366521793963e+000
  1.786334019388e+000 -1.366521793930e+000
  1.786334019345e+000 -1.366521793898e+000
  1.786334019301e+000 -1.366521793866e+000
  1.786334019257e+000 -1.366521793833e+000
  1.786334019214e+000 -1.366521793800e+000
  1.786334019170e+000 -1.366521793768e+000
  1.786334019126e+000 -1.366521793735e+000
  1.786334019081e+000 -1.366521793701e+000
  1.786334019037e+000 -1.366521793668e+000
  1.786334018992e+000 -1.366521793635e+000
  1.786334018947e+000 -1.366521793601e+000
  1.786334018902e+000 -1.366521793568e+000
  1.786334018857e+000 -1.366521793534e+000
  1.786334018812e+000 -1.366521793500e+000
  1.786334018766e+000 -1.366521793466e+000
  1.786334018720e+000 -1.366521793432e+000
  1.786334018674e+000 -1.366521793398e+000
  1.786334018628e+000 -1.366521793363e+000
  1.786334018582e+000 -1.366521793329e+000
  1.786334018536e+000 -1.366521793294e+000
  1.786334018489e+000 -1.366521793259e+000
  1.786334018442e+000 -1.366521793224e+000
  1.786334018395e+000 -1.366521793189e+000
  1.786334018348e+000 -1.366521793154e+000
  1.786334018301e+000 -1.366521793119e+000
  1.786334018253e+000 -1.366521793083e+000
  1.786334018206e+000 -1.366521793048e+000
  1.786334018158e+000 -1.366521793012e+000
  1.786334018110e+000 -1.366521792976e+000
  1.786334018062e+000 -1.366521792940e+000
  1.786334018014e+000 -1.366521792904e+000
  1.786334017965e+000 -1.366521792868e+000
  1.786334017916e+000 -1.366521792831e+000
  1.786334017867e+000 -1.366521792795e+000
  1.786334017818e+000 -1.366521792758e+000
  1.786334017769e+000 -1.366521792721e+000
  1.786334017720e+000 -1.366521792684e+000
  1.786334017670e+000 -1.366521792647e+000
  1.786334017620e+000 -1.366521792610e+000
  1.786334017571e+000 -1.366521792573e+000
  1.786334017520e+000 -1.366521792536e+000
  1.786334017470e+000 -1.366521792498e+000
  1.786334017420e+000 -1.366521792460e+000
  1.786334017369e+000 -1.366521792422e+000
  1.786334017318e+000 -1.366521792385e+000
  1.786334017267e+000 -1.366521792346e+000
  1.786334017216e+000 -1.366521792308e+000
  1.786334017165e+000 -1.366521792270e+000
  1.786334017113e+000 -1.366521792231e+000
  1.786334017062e+000 -1.366521792193e+000
  1.786334017010e+000 -1.366521792154e+000
  1.786334016958e+000 -1.366521792115e+000
  1.786334016906e+000 -1.366521792076e+000
  1.786334016853e+000 -1.366521792037e+000
  1.786334016801e+000 -1.366521791998e+000
  1.786334016748e+000 -1.366521791959e+000
  1.786334016695e+000 -1.366521791919e+000
  1.786334016642e+000 -1.366521791879e+000
  1.786334016589e+000 -1.366521791840e+000
  1.786334016535e+000 -1.366521791800e+000
  1.786334016482e+000 -1.366521791760e+000
  1.786334016428e+000 -1.366521791720e+000
  1.786334016374e+000 -1.366521791679e+000
  1.786334016320e+000 -1.366521791639e+000
  1.786334016266e+000 -1.366521791598e+000
  1.786334016211e+000 -1.366521791558e+000
  1.786334016157e+000 -1.366521791517e+000
  1.786334016102e+000 -1.366521791476e+000
  1.786334016047e+000 -1.366521791435e+000
  1.786334015992e+000 -1.366521791394e+000
  1.786334015936e+000 -1.366521791352e+000
  1.786334015881e+000 -1.366521791311e+000
  1.786334015825e+000 -1.366521791269e+000
  1.786334015769e+000 -1.366521791227e+000
  1.786334015713e+000 -1.366521791186e+000
  1.786334015657e+000 -1.366521791144e+000
  1.786334015601e+000 -1.366521791101e+000
  1.786334015544e+000 -1.366521791059e+000
  1.786334015487e+000 -1.366521791017e+000
  1.786334015430e+000 -1.366521790974e+000
  1.786334015373e+000 -1.366521790932e+000
  1.786334015316e+000 -1.366521790889e+000
  1.786334015259e+000 -1.366521790846e+000
  1.786334015201e+000 -1.366521790803e+000
  1.786334015143e+000 -1.366521790760e+000
  1.786334015085e+000 -1.366521790716e+000
  1.786334015027e+000 -1.366521790673e+000
  1.786334014969e+000 -1.366521790629e+000
  1.786334014910e+000 -1.366521790586e+000
  1.786334014852e+000 -1.366521790542e+000
  1.786334014793e+000 -1.366521790498e+000
  1.786334014734e+000 -1.366521790454e+000
  1.786334014675e+000 -1.366521790410e+000
  1.786334014615e+000 -1.366521790365e+000
  1.786334014556e+000 -1.366521790321e+000
  1.786334014496e+000 -1.366521790276e+000
  1.786334014436e+000 -1.366521790232e+000
  1.786334014376e+000 -1.366521790187e+000
  1.786334014316e+000 -1.366521790142e+000
  1.786334014255e+000 -1.366521790097e+000
  1.786334014195e+000 -1.366521790051e+000
  1.786334014134e+000 -1.366521790006e+000
  1.786334014073e+000 -1.366521789960e+000
  1.786334014012e+000 -1.366521789915e+000
  1.786334013951e+000 -1.366521789869e+000
  1.786334013889e+000 -1.366521789823e+000
  1.786334013828e+000 -1.366521789777e+000
  1.786334013766e+000 -1.366521789731e+000
  1.786334013704e+000 -1.366521789685e+000
  1.786334013642e+000 -1.366521789638e+000
  1.786334013579e+000 -1.366521789592e+000
  1.786334013517e+000 -1.366521789545e+000
  1.786334013454e+000 -1.366521789498e+000
  1.786334013391e+000 -1.366521789451e+000
  1.786334013328e+000 -1.366521789404e+000
  1.786334013265e+000 -1.366521789357e+000
  1.786334013202e+000 -1.366521789309e+000
  1.786334013138e+000 -1.366521789262e+000
  1.786334013074e+000 -1.366521789214e+000
  1.786334013010e+000 -1.366521789167e+000
  1.786334012946e+000 -1.366521789119e+000
  1.786334012882e+000 -1.366521789071e+000
  1.786334012818e+000 -1.366521789023e+000
  1.786334012753e+000 -1.366521788974e+000
  1.786334012688e+000 -1.366521788926e+000
  1.786334012623e+000 -1.366521788877e+000
  1.786334012558e+000 -1.366521788829e+000
  1.786334012493e+000 -1.366521788780e+000
  1.786334012427e+000 -1.366521788731e+000
  1.786334012362e+000 -1.366521788682e+000
  1.786334012296e+000 -1.366521788633e+000
  1.786334012230e+000 -1.366521788584e+000
  1.786334012164e+000 -1.366521788534e+000
  1.786334012097e+000 -1.366521788485e+000
  1.786334012031e+000 -1.366521788435e+000
  1.786334011964e+000 -1.366521788385e+000
  1.786334011897e+000 -1.366521788335e+000
  1.786334011830e+000 -1.366521788285e+000
  1.786334011763e+000 -1.366521788235e+000
  1.786334011695e+000 -1.366521788184e+000
  1.786334011628e+000 -1.366521788134e+000
  1.786334011560e+000 -1.366521788083e+000
  1.786334011492e+000 -1.366521788033e+000
  1.786334011424e+000 -1.366521787982e+000
  1.786334011356e+000 -1.366521787931e+000
  1.786334011287e+000 -1.366521787880e+000
  1.786334011219e+000 -1.366521787828e+000
  1.786334011150e+000 -1.366521787777e+000
  1.786334011081e+000 -1.366521787725e+000
  1.786334011012e+000 -1.366521787674e+000
  1.786334010942e+000 -1.366521787622e+000
  1.786334010873e+000 -1.366521787570e+000
  1.786334010803e+000 -1.366521787518e+000
  1.786334010733e+000 -1.366521787466e+000
  1.786334010663e+000 -1.366521787414e+000
  1.786334010593e+000 -1.366521787361e+000
  1.786334010523e+000 -1.366521787309e+000
  1.786334010452e+000 -1.366521787256e+000
  1.786334010382e+000 -1.366521787203e+000
  1.786334010311e+000 -1.366521787150e+000
  1.786334010240e+000 -1.366521787097e+000
  1.786334010168e+000 -1.366521787044e+000
  1.786334010097e+000 -1.366521786990e+000
  1.786334010025e+000 -1.366521786937e+000
  1.786334009953e+000 -1.366521786883e+000
  1.786334009882e+000 -1.366521786830e+000
  1.786334009809e+000 -1.366521786776e+000
  1.786334009737e+000 -1.366521786722e+000
  1.786334009665e+000 -1.366521786667e+000
  1.786334009592e+000 -1.366521786613e+000
  1.786334009519e+000 -1.366521786559e+000
  1.786334009446e+000 -1.366521786504e+000
  1.786334009373e+000 -1.366521786450e+000
  1.786334009300e+000 -1.366521786395e+000
  1.786334009226e+000 -1.366521786340e+000
  1.786334009152e+000 -1.366521786285e+000
  1.786334009079e+000 -1.366521786230e+000
  1.786334009004e+000 -1.366521786174e+000
  1.786334008930e+000 -1.366521786119e+000
  1.786334008856e+000 -1.366521786063e+000
  1.786334008781e+000 -1.366521786008e+000
  1.786334008707e+000 -1.366521785952e+000
  1.786334008632e+000 -1.366521785896e+000
  1.786334008556e+000 -1.366521785840e+000
  1.786334008481e+000 -1.366521785784e+000
  1.786334008406e+000 -1.366521785727e+000
  1.786334008330e+000 -1.366521785671e+000
  1.786334008254e+000 -1.366521785614e+000
  1.786334008178e+000 -1.366521785557e+000
  1.786334008102e+000 -1.366521785500e+000
  1.786334008026e+000 -1.366521785443e+000
  1.786334007949e+000 -1.366521785386e+000
  1.786334007873e+000 -1.366521785329e+000
  1.786334007796e+000 -1.366521785272e+000
  1.786334007719e+000 -1.366521785214e+000
  1.786334007642e+000 -1.366521785156e+000
  1.786334007564e+000 -1.366521785099e+000
  1.786334007487e+000 -1.366521785041e+000
  1.786334007409e+000 -1.366521784983e+000
  1.786334007331e+000 -1.366521784924e+000
  1.786334007253e+000 -1.366521784866e+000
  1.786334007175e+000 -1.366521784808e+000
  1.786334007096e+000 -1.366521784749e+000
  1.786334007018e+000 -1.366521784690e+000
  1.786334006939e+000 -1.366521784632e+000
  1.786334006860e+000 -1.366521784573e+000
  1.786334006781e+000 -1.366521784513e+000
  1.786334006702e+000 -1.366521784454e+000
  1.786334006622e+000 -1.366521784395e+000
  1.786334006543e+000 -1.366521784335e+000
  1.786334006463e+000 -1.366521784276e+000
  1.786334006383e+000 -1.366521784216e+000
  1.786334006303e+000 -1.366521784156e+000
  1.786334006222e+000 -1.366521784096e+000
  1.786334006142e+000 -1.366521784036e+000
  1.786334006061e+000 -1.366521783976e+000
  1.786334005980e+000 -1.366521783915e+000
  1.786334005899e+000 -1.366521783855e+000
  1.786334005818e+000 -1.366521783794e+000
  1.786334005736e+000 -1.366521783733e+000
  1.786334005655e+000 -1.366521783672e+000
  1.786334005573e+000 -1.366521783611e+000
  1.786334005491e+000 -1.366521783550e+000
  1.786334005409e+000 -1.366521783489e+000
  1.786334005327e+000 -1.366521783427e+000
  1.786334005244e+000 -1.366521783366e+000
  1.786334005162e+000 -1.366521783304e+000
  1.786334005079e+000 -1.366521783242e+000
  1.786334004996e+000 -1.366521783180e+000
  1.786334004913e+000 -1.366521783118e+000
  1.786334004830e+000 -1.366521783056e+000
  1.786334004746e+000 -1.366521782993e+000
  1.786334004662e+000 -1.366521782931e+000
  1.786334004579e+000 -1.366521782868e+000
  1.786334004495e+000 -1.366521782806e+000
  1.786334004410e+000 -1.366521782743e+000
  1.786334004326e+000 -1.366521782680e+000
  1.786334004241e+000 -1.366521782617e+000
  1.786334004157e+000 -1.366521782553e+000
  1.786334004072e+000 -1.366521782490e+000
  1.786334003987e+000 -1.366521782426e+000
  1.786334003902e+000 -1.366521782363e+000
  1.786334003816e+000 -1.366521782299e+000
  1.786334003731e+000 -1.366521782235e+000
  1.786334003645e+000 -1.366521782171e+000
  1.786334003559e+000 -1.366521782107e+000
  1.786334003473e+000 -1.366521782042e+000
  1.786334003386e+000 -1.366521781978e+000
  1.786334003300e+000 -1.366521781913e+000
  1.786334003213e+000 -1.366521781849e+000
  1.786334003127e+000 -1.366521781784e+000
  1.786334003040e+000 -1.366521781719e+000
  1.786334002952e+000 -1.366521781654e+000
  1.786334002865e+000 -1.366521781588e+000
  1.786334002778e+000 -1.366521781523e+000
  1.786334002690e+000 -1.366521781458e+000
  1.786334002602e+000 -1.366521781392e+000
  1.786334002514e+000 -1.366521781326e+000
  1.786334002426e+000 -1.366521781260e+000
  1.786334002337e+000 -1.366521781194e+000
  1.786334002249e+000 -1.366521781128e+000
  1.786334002160e+000 -1.366521781062e+000
  1.786334002071e+000 -1.366521780995e+000
  1.786334001982e+000 -1.366521780929e+000
  1.786334001893e+000 -1.366521780862e+000
  1.786334001803e+000 -1.366521780795e+000
  1.786334001714e+000 -1.366521780728e+000
  1.786334001624e+000 -1.366521780661e+000
  1.786334001534e+000 -1.366521780594e+000
  1.786334001444e+000 -1.366521780527e+000
  1.786334001354e+000 -1.366521780459e+000
  1.786334001263e+000 -1.366521780392e+000
  1.786334001172e+000 -1.366521780324e+000
  1.786334001082e+000 -1.366521780256e+000
  1.786334000991e+000 -1.366521780188e+000
  1.786334000899e+000 -1.366521780120e+000
  1.786334000808e+000 -1.366521780052e+000
  1.786334000716e+000 -1.366521779983e+000
  1.786334000625e+000 -1.366521779915e+000
  1.786334000533e+000 -1.366521779846e+000
  1.786334000441e+000 -1.366521779778e+000
  1.786334000349e+000 -1.366521779709e+000
  1.786334000256e+000 -1.366521779640e+000
  1.786334000164e+000 -1.366521779570e+000
  1.786334000071e+000 -1.366521779501e+000
  1.786333999978e+000 -1.366521779432e+000
  1.786333999885e+000 -1.366521779362e+000
  1.786333999791e+000 -1.366521779293e+000
  1.786333999698e+000 -1.366521779223e+000
  1.786333999604e+000 -1.366521779153e+000
  1.786333999511e+000 -1.366521779083e+000
  1.786333999417e+000 -1.366521779012e+000
  1.786333999322e+000 -1.366521778942e+000
  1.786333999228e+000 -1.366521778872e+000
  1.786333999134e+000 -1.366521778801e+000
  1.786333999039e+000 -1.366521778730e+000
  1.786333998944e+000 -1.366521778660e+000
  1.786333998849e+000 -1.366521778589e+000
  1.786333998754e+000 -1.366521778517e+000
  1.786333998658e+000 -1.366521778446e+000
  1.786333998563e+000 -1.366521778375e+000
  1.786333998467e+000 -1.366521778303e+000
  1.786333998371e+000 -1.366521778232e+000
  1.786333998275e+000 -1.366521778160e+000
  1.786333998179e+000 -1.366521778088e+000
  1.786333998082e+000 -1.366521778016e+000
  1.786333997986e+000 -1.366521777944e+000
  1.786333997889e+000 -1.366521777871e+000
  1.786333997792e+000 -1.366521777799e+000
  1.786333997695e+000 -1.366521777727e+000
  1.786333997598e+000 -1.366521777654e+000
  1.786333997500e+000 -1.366521777581e+000
  1.786333997403e+000 -1.366521777508e+000
  1.786333997305e+000 -1.366521777435e+000
  1.786333997207e+000 -1.366521777362e+000
  1.786333997109e+000 -1.366521777288e+000
  1.786333997010e+000 -1.366521777215e+000
  1.786333996912e+000 -1.366521777141e+000
  1.786333996813e+000 -1.366521777068e+000
  1.786333996714e+000 -1.366521776994e+000
  1.786333996615e+000 -1.366521776920e+000
  1.786333996516e+000 -1.366521776846e+000
  1.786333996416e+000 -1.366521776771e+000
  1.786333996317e+000 -1.366521776697e+000
  1.786333996217e+000 -1.366521776623e+000
  1.786333996117e+000 -1.366521776548e+000
  1.786333996017e+000 -1.366521776473e+000
  1.786333995917e+000 -1.366521776398e+000
  1.786333995816e+000 -1.366521776323e+000
  1.786333995716e+000 -1.366521776248e+000
  1.786333995615e+000 -1.366521776173e+000
  1.786333995514e+000 -1.366521776097e+000
  1.786333995413e+000 -1.366521776022e+000
  1.786333995311e+000 -1.366521775946e+000
  1.786333995210e+000 -1.366521775870e+000
  1.786333995108e+000 -1.366521775794e+000
  1.786333995006e+000 -1.366521775718e+000
  1.786333994904e+000 -1.366521775642e+000
  1.786333994802e+000 -1.366521775566e+000
  1.786333994700e+000 -1.366521775489e+000
  1.786333994597e+000 -1.366521775413e+000
  1.786333994494e+000 -1.366521775336e+000
  1.786333994392e+000 -1.366521775259e+000
  1.786333994289e+000 -1.366521775182e+000
  1.786333994185e+000 -1.366521775105e+000
  1.786333994082e+000 -1.366521775028e+000
  1.786333993978e+000 -1.366521774950e+000
  1.786333993874e+000 -1.366521774873e+000
  1.786333993771e+000 -1.366521774795e+000
  1.786333993666e+000 -1.366521774717e+000
  1.786333993562e+000 -1.366521774639e+000
  1.786333993458e+000 -1.366521774561e+000
  1.786333993353e+000 -1.366521774483e+000
  1.786333993248e+000 -1.366521774405e+000
  1.786333993143e+000 -1.366521774326e+000
  1.786333993038e+000 -1.366521774248e+000
  1.786333992933e+000 -1.366521774169e+000
  1.786333992827e+000 -1.366521774090e+000
  1.786333992721e+000 -1.366521774011e+000
  1.786333992616e+000 -1.366521773932e+000
  1.786333992509e+000 -1.366521773853e+000
  1.786333992403e+000 -1.366521773774e+000
  1.786333992297e+000 -1.366521773694e+000
  1.786333992190e+000 -1.366521773615e+000
  1.786333992084e+000 -1.366521773535e+000
  1.786333991977e+000 -1.366521773455e+000
  1.786333991870e+000 -1.366521773375e+000
  1.786333991762e+000 -1.366521773295e+000
  1.786333991655e+000 -1.366521773215e+000
  1.786333991547e+000 -1.366521773134e+000
  1.786333991439e+000 -1.366521773054e+000
  1.786333991331e+000 -1.366521772973e+000
  1.786333991223e+000 -1.366521772892e+000
  1.786333991115e+000 -1.366521772811e+000
  1.786333991006e+000 -1.366521772730e+000
  1.786333990898e+000 -1.366521772649e+000
  1.786333990789e+000 -1.366521772568e+000
  1.786333990680e+000 -1.366521772486e+000
  1.786333990571e+000 -1.366521772405e+000
  1.786333990461e+000 -1.366521772323e+000
  1.786333990352e+000 -1.366521772241e+000
  1.786333990242e+000 -1.366521772159e+000
  1.786333990132e+000 -1.366521772077e+000
  1.786333990022e+000 -1.366521771995e+000
  1.786333989912e+000 -1.366521771913e+000
  1.786333989801e+000 -1.366521771830e+000
  1.786333989691e+000 -1.366521771748e+000
  1.786333989580e+000 -1.366521771665e+000
  1.786333989469e+000 -1.366521771582e+000
  1.786333989358e+000 -1.366521771499e+000
  1.786333989247e+000 -1.366521771416e+000
  1.786333989135e+000 -1.366521771333e+000
  1.786333989024e+000 -1.366521771249e+000
  1.786333988912e+000 -1.366521771166e+000
  1.786333988800e+000 -1.366521771082e+000
  1.786333988688e+000 -1.366521770998e+000
  1.786333988575e+000 -1.366521770914e+000
  1.786333988463e+000 -1.366521770830e+000
  1.786333988350e+000 -1.366521770746e+000
  1.786333988237e+000 -1.366521770662e+000
  1.786333988124e+000 -1.366521770577e+000
  1.786333988011e+000 -1.366521770493e+000
  1.786333987898e+000 -1.366521770408e+000
  1.786333987784e+000 -1.366521770323e+000
  1.786333987670e+000 -1.366521770238e+000
  1.786333987556e+000 -1.366521770153e+000
  1.786333987442e+000 -1.366521770068e+000
  1.786333987328e+000 -1.366521769983e+000
  1.786333987214e+000 -1.366521769897e+000
  1.786333987099e+000 -1.366521769812e+000
  1.786333986984e+000 -1.366521769726e+000
  1.786333986869e+000 -1.366521769640e+000
  1.786333986754e+000 -1.366521769554e+000
  1.786333986639e+000 -1.366521769468e+000
  1.786333986523e+000 -1.366521769382e+000
  1.786333986408e+000 -1.366521769295e+000
  1.786333986292e+000 -1.366521769209e+000
  1.786333986176e+000 -1.366521769122e+000
  1.786333986059e+000 -1.366521769035e+000
  1.786333985943e+000 -1.366521768948e+000
  1.786333985827e+000 -1.366521768861e+000
  1.786333985710e+000 -1.366521768774e+000
  1.786333985593e+000 -1.366521768687e+000
  1.786333985476e+000 -1.366521768599e+000
  1.786333985359e+000 -1.366521768512e+000
  1.786333985241e+000 -1.366521768424e+000
  1.786333985124e+000 -1.366521768336e+000
  1.786333985006e+000 -1.366521768248e+000
  1.786333984888e+000 -1.366521768160e+000
  1.786333984770e+000 -1.366521768072e+000
  1.786333984652e+000 -1.366521767983e+000
  1.786333984533e+000 -1.366521767895e+000
  1.786333984414e+000 -1.366521767806e+000
  1.786333984296e+000 -1.366521767718e+000
  1.786333984177e+000 -1.366521767629e+000
  1.786333984058e+000 -1.366521767540e+000
  1.786333983938e+000 -1.366521767451e+000
  1.786333983819e+000 -1.366521767361e+000
  1.786333983699e+000 -1.366521767272e+000
  1.786333983579e+000 -1.366521767182e+000
  1.786333983459e+000 -1.366521767093e+000
  1.786333983339e+000 -1.366521767003e+000
  1.786333983218e+000 -1.366521766913e+000
  1.786333983098e+000 -1.366521766823e+000
  1.786333982977e+000 -1.366521766733e+000
  1.786333982856e+000 -1.366521766642e+000
  1.786333982735e+000 -1.366521766552e+000
  1.786333982614e+000 -1.366521766461e+000
  1.786333982492e+000 -1.366521766371e+000
  1.786333982371e+000 -1.366521766280e+000
  1.786333982249e+000 -1.366521766189e+000
  1.786333982127e+000 -1.366521766098e+000
  1.786333982005e+000 -1.366521766007e+000
  1.786333981883e+000 -1.366521765915e+000
  1.786333981760e+000 -1.366521765824e+000
  1.786333981638e+000 -1.366521765732e+000
  1.786333981515e+000 -1.366521765640e+000
  1.786333981392e+000 -1.366521765548e+000
  1.786333981269e+000 -1.366521765456e+000
  1.786333981145e+000 -1.366521765364e+000
  1.786333981022e+000 -1.366521765272e+000
  1.786333980898e+000 -1.366521765180e+000
  1.786333980774e+000 -1.366521765087e+000
  1.786333980650e+000 -1.366521764994e+000
  1.786333980526e+000 -1.366521764902e+000
  1.786333980401e+000 -1.366521764809e+000
  1.786333980277e+000 -1.366521764716e+000
  1.786333980152e+000 -1.366521764622e+000
  1.786333980027e+000 -1.366521764529e+000
  1.786333979902e+000 -1.366521764436e+000
  1.786333979777e+000 -1.366521764342e+000
  1.786333979651e+000 -1.366521764248e+000
  1.786333979526e+000 -1.366521764155e+000
  1.786333979400e+000 -1.366521764061e+000
  1.786333979274e+000 -1.366521763966e+000
  1.786333979148e+000 -1.366521763872e+000
  1.786333979021e+000 -1.366521763778e+000
  1.786333978895e+000 -1.366521763683e+000
  1.786333978768e+000 -1.366521763589e+000
  1.786333978641e+000 -1.366521763494e+000
  1.786333978514e+000 -1.366521763399e+000
  1.786333978387e+000 -1.366521763304e+000
  1.786333978260e+000 -1.366521763209e+000
  1.786333978132e+000 -1.366521763114e+000
  1.786333978004e+000 -1.366521763018e+000
  1.786333977876e+000 -1.366521762923e+000
  1.786333977748e+000 -1.366521762827e+000
  1.786333977620e+000 -1.366521762731e+000
  1.786333977492e+000 -1.366521762635e+000
  1.786333977363e+000 -1.366521762539e+000
  1.786333977234e+000 -1.366521762443e+000
  1.786333977105e+000 -1.366521762347e+000
  1.786333976976e+000 -1.366521762250e+000
  1.786333976847e+000 -1.366521762154e+000
  1.786333976717e+000 -1.366521762057e+000
  1.786333976588e+000 -1.366521761960e+000
  1.786333976458e+000 -1.366521761863e+000
  1.786333976328e+000 -1.366521761766e+000
  1.786333976198e+000 -1.366521761669e+000
  1.786333976067e+000 -1.366521761571e+000
  1.786333975937e+000 -1.366521761474e+000
  1.786333975806e+000 -1.366521761376e+000
  1.786333975675e+000 -1.366521761278e+000
  1.786333975544e+000 -1.366521761181e+000
  1.786333975413e+000 -1.366521761083e+000
  1.786333975282e+000 -1.366521760984e+000
  1.786333975150e+000 -1.366521760886e+000
  1.786333975018e+000 -1.366521760788e+000
  1.786333974886e+000 -1.366521760689e+000
  1.786333974754e+000 -1.366521760590e+000
  1.786333974622e+000 -1.366521760492e+000
  1.786333974490e+000 -1.366521760393e+000
  1.786333974357e+000 -1.366521760294e+000
  1.786333974224e+000 -1.366521760194e+000
  1.786333974091e+000 -1.366521760095e+000
  1.786333973958e+000 -1.366521759996e+000
  1.786333973825e+000 -1.366521759896e+000
  1.786333973691e+000 -1.366521759796e+000
  1.786333973558e+000 -1.366521759697e+000
  1.786333973424e+000 -1.366521759597e+000
  1.786333973290e+000 -1.366521759496e+000
  1.786333973155e+000 -1.366521759396e+000
  1.786333973021e+000 -1.366521759296e+000
  1.786333972887e+000 -1.366521759195e+000
  1.786333972752e+000 -1.366521759095e+000
  1.786333972617e+000 -1.366521758994e+000
  1.786333972482e+000 -1.366521758893e+000
  1.786333972347e+000 -1.366521758792e+000
  1.786333972211e+000 -1.366521758691e+000
  1.786333972076e+000 -1.366521758590e+000
  1.786333971940e+000 -1.366521758488e+000
  1.786333971804e+000 -1.366521758387e+000
  1.786333971668e+000 -1.366521758285e+000
  1.786333971531e+000 -1.366521758183e+000
  1.786333971395e+000 -1.366521758081e+000
  1.786333971258e+000 -1.366521757979e+000
  1.786333971121e+000 -1.366521757877e+000
  1.786333970984e+000 -1.366521757775e+000
  1.786333970847e+000 -1.366521757672e+000
  1.786333970710e+000 -1.366521757569e+000
  1.786333970572e+000 -1.366521757467e+000
  1.786333970435e+000 -1.366521757364e+000
  1.786333970297e+000 -1.366521757261e+000
  1.786333970159e+000 -1.366521757158e+000
  1.786333970021e+000 -1.366521757055e+000
  1.786333969882e+000 -1.366521756951e+000
  1.786333969744e+000 -1.366521756848e+000
  1.786333969605e+000 -1.366521756744e+000
  1.786333969466e+000 -1.366521756640e+000
  1.786333969327e+000 -1.366521756536e+000
  1.786333969188e+000 -1.366521756432e+000
  1.786333969048e+000 -1.366521756328e+000
  1.786333968909e+000 -1.366521756224e+000
  1.786333968769e+000 -1.366521756119e+000
  1.786333968629e+000 -1.366521756015e+000
  1.786333968489e+000 -1.366521755910e+000
  1.786333968348e+000 -1.366521755805e+000
  1.786333968208e+000 -1.366521755700e+000
  1.786333968067e+000 -1.366521755595e+000
  1.786333967926e+000 -1.366521755490e+000
  1.786333967785e+000 -1.366521755385e+000
  1.786333967644e+000 -1.366521755279e+000
  1.786333967503e+000 -1.366521755174e+000
  1.786333967361e+000 -1.366521755068e+000
  1.786333967219e+000 -1.366521754962e+000
  1.786333967078e+000 -1.366521754856e+000
  1.786333966935e+000 -1.366521754750e+000
  1.786333966793e+000 -1.366521754644e+000
  1.786333966651e+000 -1.366521754537e+000
  1.786333966508e+000 -1.366521754431e+000
  1.786333966365e+000 -1.366521754324e+000
  1.786333966223e+000 -1.366521754218e+000
  1.786333966079e+000 -1.366521754111e+000
  1.786333965936e+000 -1.366521754004e+000
  1.786333965793e+000 -1.366521753896e+000
  1.786333965649e+000 -1.366521753789e+000
  1.786333965505e+000 -1.366521753682e+000
  1.786333965361e+000 -1.366521753574e+000
  1.786333965217e+000 -1.366521753466e+000
  1.786333965073e+000 -1.366521753359e+000
  1.786333964928e+000 -1.366521753251e+000
  1.786333964783e+000 -1.366521753143e+000
  1.786333964639e+000 -1.366521753034e+000
  1.786333964494e+000 -1.366521752926e+000
  1.786333964348e+000 -1.366521752818e+000
  1.786333964203e+000 -1.366521752709e+000
  1.786333964057e+000 -1.366521752600e+000
  1.786333963912e+000 -1.366521752491e+000
  1.786333963766e+000 -1.366521752382e+000
  1.786333963620e+000 -1.366521752273e+000
  1.786333963473e+000 -1.366521752164e+000
  1.786333963327e+000 -1.366521752055e+000
  1.786333963180e+000 -1.366521751945e+000
  1.786333963034e+000 -1.366521751835e+000
  1.786333962887e+000 -1.366521751726e+000
  1.786333962739e+000 -1.366521751616e+000
  1.786333962592e+000 -1.366521751506e+000
  1.786333962445e+000 -1.366521751396e+000
  1.786333962297e+000 -1.366521751285e+000
  1.786333962149e+000 -1.366521751175e+000
  1.786333962001e+000 -1.366521751064e+000
  1.786333961853e+000 -1.366521750954e+000
  1.786333961705e+000 -1.366521750843e+000
  1.786333961556e+000 -1.366521750732e+000
  1.786333961407e+000 -1.366521750621e+000
  1.786333961258e+000 -1.366521750509e+000
  1.786333961109e+000 -1.366521750398e+000
  1.786333960960e+000 -1.366521750287e+000
  1.786333960811e+000 -1.366521750175e+000
  1.786333960661e+000 -1.366521750063e+000
  1.786333960511e+000 -1.366521749951e+000
  1.786333960361e+000 -1.366521749839e+000
  1.786333960211e+000 -1.366521749727e+000
  1.786333960061e+000 -1.366521749615e+000
  1.786333959911e+000 -1.366521749503e+000
  1.786333959760e+000 -1.366521749390e+000
  1.786333959609e+000 -1.366521749278e+000
  1.786333959458e+000 -1.366521749165e+000
  1.786333959307e+000 -1.366521749052e+000
  1.786333959156e+000 -1.366521748939e+000
  1.786333959004e+000 -1.366521748826e+000
  1.786333958852e+000 -1.366521748712e+000
  1.786333958701e+000 -1.366521748599e+000
  1.786333958549e+000 -1.366521748485e+000
  1.786333958396e+000 -1.366521748372e+000
  1.786333958244e+000 -1.366521748258e+000
  1.786333958091e+000 -1.366521748144e+000
  1.786333957939e+000 -1.366521748030e+000
  1.786333957786e+000 -1.366521747916e+000
  1.786333957633e+000 -1.366521747801e+000
  1.786333957479e+000 -1.366521747687e+000
  1.786333957326e+000 -1.366521747572e+000
  1.786333957172e+000 -1.366521747457e+000
  1.786333957019e+000 -1.366521747342e+000
  1.786333956865e+000 -1.366521747227e+000
  1.786333956711e+000 -1.366521747112e+000
  1.786333956556e+000 -1.366521746997e+000
  1.786333956402e+000 -1.366521746882e+000
  1.786333956247e+000 -1.366521746766e+000
  1.786333956092e+000 -1.366521746650e+000
  1.786333955937e+000 -1.366521746535e+000
  1.786333955782e+000 -1.366521746419e+000
  1.786333955627e+000 -1.366521746303e+000
  1.786333955471e+000 -1.366521746187e+000
  1.786333955315e+000 -1.366521746070e+000
  1.786333955160e+000 -1.366521745954e+000
  1.786333955004e+000 -1.366521745837e+000
  1.786333954847e+000 -1.366521745721e+000
  1.786333954691e+000 -1.366521745604e+000
  1.786333954534e+000 -1.366521745487e+000
  1.786333954378e+000 -1.366521745370e+000
  1.786333954221e+000 -1.366521745252e+000
  1.786333954064e+000 -1.366521745135e+000
  1.786333953906e+000 -1.366521745018e+000
  1.786333953749e+000 -1.366521744900e+000
  1.786333953591e+000 -1.366521744782e+000
  1.786333953433e+000 -1.366521744664e+000
  1.786333953275e+000 -1.366521744546e+000
  1.786333953117e+000 -1.366521744428e+000
  1.786333952959e+000 -1.366521744310e+000
  1.786333952800e+000 -1.366521744192e+000
  1.786333952642e+000 -1.366521744073e+000
  1.786333952483e+000 -1.366521743954e+000
  1.786333952324e+000 -1.366521743836e+000
  1.786333952165e+000 -1.366521743717e+000
  1.786333952005e+000 -1.366521743598e+000
  1.786333951846e+000 -1.366521743478e+000
  1.786333951686e+000 -1.366521743359e+000
  1.786333951526e+000 -1.366521743240e+000
  1.786333951366e+000 -1.366521743120e+000
  1.786333951206e+000 -1.366521743000e+000
  1.786333951045e+000 -1.366521742881e+000
  1.786333950885e+000 -1.366521742761e+000
  1.786333950724e+000 -1.366521742640e+000
  1.786333950563e+000 -1.366521742520e+000
  1.786333950402e+000 -1.366521742400e+000
  1.786333950241e+000 -1.366521742279e+000
  1.786333950079e+000 -1.366521742159e+000
  1.786333949917e+000 -1.366521742038e+000
  1.786333949756e+000 -1.366521741917e+000
  1.786333949594e+000 -1.366521741796e+000
  1.786333949431e+000 -1.366521741675e+000
  1.786333949269e+000 -1.366521741554e+000
  1.786333949107e+000 -1.366521741432e+000
  1.786333948944e+000 -1.366521741311e+000
  1.786333948781e+000 -1.366521741189e+000
  1.786333948618e+000 -1.366521741067e+000
  1.786333948455e+000 -1.366521740945e+000
  1.786333948291e+000 -1.366521740823e+000
  1.786333948128e+000 -1.366521740701e+000
  1.786333947964e+000 -1.366521740579e+000
  1.786333947800e+000 -1.366521740456e+000
  1.786333947636e+000 -1.366521740334e+000
  1.786333947472e+000 -1.366521740211e+000
  1.786333947307e+000 -1.366521740088e+000
  1.786333947143e+000 -1.366521739965e+000
  1.786333946978e+000 -1.366521739842e+000
  1.786333946813e+000 -1.366521739719e+000
  1.786333946648e+000 -1.366521739596e+000
  1.786333946482e+000 -1.366521739472e+000
  1.786333946317e+000 -1.366521739349e+000
  1.786333946151e+000 -1.366521739225e+000
  1.786333945985e+000 -1.366521739101e+000
  1.786333945819e+000 -1.366521738977e+000
  1.786333945653e+000 -1.366521738853e+000
  1.786333945487e+000 -1.366521738728e+000
  1.786333945320e+000 -1.366521738604e+000
  1.786333945153e+000 -1.366521738480e+000
  1.786333944987e+000 -1.366521738355e+000
  1.786333944819e+000 -1.366521738230e+000
  1.786333944652e+000 -1.366521738105e+000
  1.786333944485e+000 -1.366521737980e+000
  1.786333944317e+000 -1.366521737855e+000
  1.786333944149e+000 -1.366521737730e+000
  1.786333943982e+000 -1.366521737604e+000
  1.786333943813e+000 -1.366521737479e+000
  1.786333943645e+000 -1.366521737353e+000
  1.786333943477e+000 -1.366521737227e+000
  1.786333943308e+000 -1.366521737101e+000
  1.786333943139e+000 -1.366521736975e+000
  1.786333942970e+000 -1.366521736849e+000
  1.786333942801e+000 -1.366521736722e+000
  1.786333942632e+000 -1.366521736596e+000
  1.786333942462e+000 -1.366521736469e+000
  1.786333942292e+000 -1.366521736342e+000
  1.786333942123e+000 -1.366521736216e+000
  1.786333941953e+000 -1.366521736089e+000
  1.786333941782e+000 -1.366521735961e+000
  1.786333941612e+000 -1.366521735834e+000
  1.786333941441e+000 -1.366521735707e+000
  1.786333941271e+000 -1.366521735579e+000
  1.786333941100e+000 -1.366521735451e+000
  1.786333940929e+000 -1.366521735324e+000
  1.786333940757e+000 -1.366521735196e+000
  1.786333940586e+000 -1.366521735068e+000
  1.786333940414e+000 -1.366521734939e+000
  1.786333940242e+000 -1.366521734811e+000
  1.786333940070e+000 -1.366521734683e+000
  1.786333939898e+000 -1.366521734554e+000
  1.786333939726e+000 -1.366521734425e+000
  1.786333939554e+000 -1.366521734297e+000
  1.786333939381e+000 -1.366521734168e+000
  1.786333939208e+000 -1.366521734038e+000
  1.786333939035e+000 -1.366521733909e+000
  1.786333938862e+000 -1.366521733780e+000
  1.786333938688e+000 -1.366521733650e+000
  1.786333938515e+000 -1.366521733521e+000
  1.786333938341e+000 -1.366521733391e+000
  1.786333938167e+000 -1.366521733261e+000
  1.786333937993e+000 -1.366521733131e+000
  1.786333937819e+000 -1.366521733001e+000
  1.786333937645e+000 -1.366521732871e+000
  1.786333937470e+000 -1.366521732740e+000
