  1.786334024722e+000 -1.366521797915e+000
  1.786129504954e+000 -1.366369027637e+000
  1.785515852916e+000 -1.365910647532e+000
  1.784492790158e+000 -1.365146449607e+000
  1.783059851832e+000 -1.364076086634e+000
  1.781216385517e+000 -1.362699071273e+000
  1.778961549587e+000 -1.361014774855e+000
  1.776294311081e+000 -1.359022425787e+000
  1.773213443081e+000 -1.356721107599e+000
  1.769717521573e+000 -1.354109756592e+000
  1.765804921773e+000 -1.351187159103e+000
  1.761473813901e+000 -1.347951948337e+000
  1.756722158357e+000 -1.344402600774e+000
  1.751547700298e+000 -1.340537432112e+000
  1.745947963552e+000 -1.336354592722e+000
  1.739920243840e+000 -1.331852062588e+000
  1.733461601265e+000 -1.327027645693e+000
  1.726568852004e+000 -1.321878963815e+000
  1.719238559153e+000 -1.316403449685e+000
  1.711467022647e+000 -1.310598339465e+000
  1.703250268196e+000 -1.304460664477e+000
  1.694584035135e+000 -1.297987242127e+000
  1.685463763102e+000 -1.291174665959e+000
  1.675884577430e+000 -1.284019294740e+000
  1.665841273133e+000 -1.276517240498e+000
  1.655328297352e+000 -1.268664355408e+000
  1.644339730083e+000 -1.260456217403e+000
  1.632869263041e+000 -1.251888114377e+000
  1.620910176425e+000 -1.242955026836e+000
  1.608455313369e+000 -1.233651608810e+000
  1.595497051811e+000 -1.223972166843e+000
  1.582027273477e+000 -1.213910636822e+000
  1.568037329626e+000 -1.203460558390e+000
  1.553518003155e+000 -1.192615046641e+000
  1.538459466610e+000 -1.181366760754e+000
  1.522851235551e+000 -1.169707869162e+000
  1.506682116654e+000 -1.157630010776e+000
  1.489940149809e+000 -1.145124251746e+000
  1.472612543374e+000 -1.132181037091e+000
  1.454685601562e+000 -1.118790136457e+000
  1.436144642774e+000 -1.104940583120e+000
  1.416973907472e+000 -1.090620605167e+000
  1.397156453892e+000 -1.075817547597e+000
  1.376674039595e+000 -1.060517783841e+000
  1.355506986398e+000 -1.044706614872e+000
  1.333634025748e+000 -1.028368153706e+000
  1.311032120934e+000 -1.011485192592e+000
  1.287676261707e+000 -9.940390496068e-001
  1.263539225852e+000 -9.760093905540e-001
  1.238591300898e+000 -9.573740210863e-001
  1.212799957411e+000 -9.381086426705e-001
  1.186129463061e+000 -9.181865643009e-001
  1.158540423597e+000 -8.975783596267e-001
  1.129989232886e+000 -8.762514561427e-001
  1.100427408664e+000 -8.541696390167e-001
  1.069800783185e+000 -8.312924465296e-001
  1.038048507513e+000 -8.075744263067e-001
  1.005101813413e+000 -7.829642104911e-001
  9.708824555626e-001 -7.574033521171e-001
  9.353007255180e-001 -7.308248416043e-001
  8.982528820022e-001 -7.031511872563e-001
  8.596177698947e-001 -6.742918897453e-001
  8.192522861876e-001 -6.441400553147e-001
  7.769851648687e-001 -6.125677532677e-001
  7.326082373229e-001 -5.794194877443e-001
  6.858637678775e-001 -5.445027377434e-001
  6.364254299298e-001 -5.075737468475e-001
  5.838684486887e-001 -4.683152207251e-001
  5.276201063528e-001 -4.262993559476e-001
  4.668717127736e-001 -3.809220846527e-001
  4.004065656330e-001 -3.312745658335e-001
  3.262155709008e-001 -2.758560650756e-001
  2.404393316905e-001 -2.117837259077e-001
  1.330780767758e-001 -1.315880120164e-001
 -7.403569917053e-002  2.311991433883e-002
 -1.475848076907e-001  7.805894489067e-002
 -9.663852668983e-002  4.000356468655e-002
  4.119461499556e-001 -3.398942974442e-001
  1.274868288355e+000 -9.844718685294e-001
  2.136777848512e+000 -1.628293073316e+000
  2.998376035346e+000 -2.271881691347e+000
  3.859821659265e+000 -2.915356349347e+000
  4.721176476358e+000 -3.558763177307e+000
  5.582470993812e+000 -4.202124963203e+000
  6.443722535175e+000 -4.845454647217e+000
  7.304941887998e+000 -5.488760287334e+000
  8.166136227304e+000 -6.132047243086e+000
  9.027310567802e+000 -6.775319260315e+000
  9.888468552585e+000 -7.418579060302e+000
  1.074961291182e+001 -8.061828682404e+000
  1.161074574440e+001 -8.705069694432e+000
  1.247186869872e+001 -9.348303327690e+000
  1.333298309304e+001 -9.991530566878e+000
  1.419408999815e+001 -1.063475221185e+001
  1.505519029569e+001 -1.127796892116e+001
  1.591628472023e+001 -1.192118124350e+001
  1.677737389026e+001 -1.256438964089e+001
  1.763845833144e+001 -1.320759450596e+001
  1.849953849429e+001 -1.385079617523e+001
  1.936061476785e+001 -1.449399493934e+001
  2.022168749042e+001 -1.513719105095e+001
  2.108275695797e+001 -1.578038473115e+001
  2.194382343095e+001 -1.642357617451e+001
  2.280488713976e+001 -1.706676555310e+001
  2.366594828916e+001 -1.770995301989e+001
  2.452700706201e+001 -1.835313871147e+001
  2.538806362221e+001 -1.899632275026e+001
  2.624911811728e+001 -1.963950524647e+001
  2.711017068047e+001 -2.028268629961e+001
  2.797122143253e+001 -2.092586599990e+001
  2.883227048323e+001 -2.156904442931e+001
  2.969331793265e+001 -2.221222166262e+001
  3.055436387230e+001 -2.285539776817e+001
  3.141540838605e+001 -2.349857280862e+001
  3.227645155098e+001 -2.414174684154e+001
  3.313749343807e+001 -2.478491991996e+001
  3.399853411287e+001 -2.542809209282e+001
  3.485957363598e+001 -2.607126340541e+001
  3.572061206359e+001 -2.671443389969e+001
  3.658164944785e+001 -2.735760361462e+001
  3.744268583730e+001 -2.800077258645e+001
  3.830372127716e+001 -2.864394084897e+001
  3.916475580961e+001 -2.928710843368e+001
  4.002578947413e+001 -2.993027537007e+001
  4.088682230763e+001 -3.057344168572e+001
  4.174785434475e+001 -3.121660740649e+001
  4.260888561798e+001 -3.185977255666e+001
  4.346991615789e+001 -3.250293715905e+001
  4.433094599322e+001 -3.314610123516e+001
  4.519197515108e+001 -3.378926480520e+001
  4.605300365703e+001 -3.443242788829e+001
  4.691403153521e+001 -3.507559050246e+001
  4.777505880846e+001 -3.571875266475e+001
  4.863608549836e+001 -3.636191439131e+001
  4.949711162540e+001 -3.700507569743e+001
  5.035813720897e+001 -3.764823659759e+001
  5.121916226751e+001 -3.829139710556e+001
  5.208018681850e+001 -3.893455723442e+001
  5.294121087860e+001 -3.957771699658e+001
  5.380223446363e+001 -4.022087640389e+001
  5.466325758868e+001 -4.086403546760e+001
  5.552428026811e+001 -4.150719419846e+001
  5.638530251564e+001 -4.215035260670e+001
  5.724632434436e+001 -4.279351070209e+001
  5.810734576677e+001 -4.343666849398e+001
  5.896836679482e+001 -4.407982599130e+001
  5.982938743993e+001 -4.472298320257e+001
  6.069040771305e+001 -4.536614013598e+001
  6.155142762465e+001 -4.600929679935e+001
  6.241244718478e+001 -4.665245320017e+001
  6.327346640307e+001 -4.729560934565e+001
  6.413448528875e+001 -4.793876524268e+001
  6.499550385069e+001 -4.858192089789e+001
  6.585652209742e+001 -4.922507631764e+001
  6.671754003712e+001 -4.986823150805e+001
  6.757855767765e+001 -5.051138647500e+001
  6.843957502660e+001 -5.115454122413e+001
  6.930059209125e+001 -5.179769576091e+001
  7.016160887863e+001 -5.244085009057e+001
  7.102262539549e+001 -5.308400421816e+001
  7.188364164835e+001 -5.372715814856e+001
  7.274465764351e+001 -5.437031188645e+001
  7.360567338701e+001 -5.501346543637e+001
  7.446668888472e+001 -5.565661880268e+001
  7.532770414228e+001 -5.629977198961e+001
  7.618871916515e+001 -5.694292500124e+001
  7.704973395861e+001 -5.758607784150e+001
  7.791074852775e+001 -5.822923051420e+001
  7.877176287750e+001 -5.887238302302e+001
  7.963277701263e+001 -5.951553537154e+001
  8.049379093776e+001 -6.015868756318e+001
  8.135480465735e+001 -6.080183960130e+001
  8.221581817574e+001 -6.144499148911e+001
  8.307683149711e+001 -6.208814322977e+001
  8.393784462552e+001 -6.273129482629e+001
  8.479885756491e+001 -6.337444628162e+001
  8.565987031911e+001 -6.401759759861e+001
  8.652088289181e+001 -6.466074878003e+001
  8.738189528661e+001 -6.530389982856e+001
  8.824290750699e+001 -6.594705074681e+001
  8.910391955635e+001 -6.659020153731e+001
  8.996493143796e+001 -6.723335220251e+001
  9.082594315504e+001 -6.787650274480e+001
  9.168695471067e+001 -6.851965316650e+001
  9.254796610789e+001 -6.916280346987e+001
  9.340897734961e+001 -6.980595365709e+001
  9.426998843870e+001 -7.044910373029e+001
  9.513099937793e+001 -7.109225369156e+001
  9.599201017000e+001 -7.173540354290e+001
  9.685302081753e+001 -7.237855328628e+001
  9.771403132309e+001 -7.302170292360e+001
  9.857504168917e+001 -7.366485245674e+001
  9.943605191819e+001 -7.430800188750e+001
  1.002970620125e+002 -7.495115121764e+001
  1.011580719744e+002 -7.559430044889e+001
  1.020190818062e+002 -7.623744958292e+001
  1.028800915100e+002 -7.688059862137e+001
  1.037411010880e+002 -7.752374756583e+001
  1.046021105423e+002 -7.816689641785e+001
  1.054631198748e+002 -7.881004517894e+001
  1.063241290875e+002 -7.945319385060e+001
  1.071851381825e+002 -8.009634243425e+001
  1.080461471615e+002 -8.073949093131e+001
  1.089071560265e+002 -8.138263934315e+001
  1.097681647792e+002 -8.202578767111e+001
  1.106291734213e+002 -8.266893591650e+001
  1.114901819546e+002 -8.331208408061e+001
  1.123511903807e+002 -8.395523216469e+001
  1.132121987014e+002 -8.459838016994e+001
  1.140732069181e+002 -8.524152809758e+001
  1.149342150325e+002 -8.588467594877e+001
  1.157952230461e+002 -8.652782372464e+001
  1.166562309603e+002 -8.717097142632e+001
  1.175172387766e+002 -8.781411905489e+001
  1.183782464966e+002 -8.845726661143e+001
  1.192392541214e+002 -8.910041409697e+001
  1.201002616526e+002 -8.974356151254e+001
  1.209612690915e+002 -9.038670885913e+001
  1.218222764393e+002 -9.102985613773e+001
  1.226832836974e+002 -9.167300334929e+001
  1.235442908670e+002 -9.231615049476e+001
  1.244052979494e+002 -9.295929757504e+001
  1.252663049457e+002 -9.360244459104e+001
  1.261273118571e+002 -9.424559154363e+001
  1.269883186847e+002 -9.488873843369e+001
  1.278493254298e+002 -9.553188526205e+001
  1.287103320934e+002 -9.617503202955e+001
  1.295713386766e+002 -9.681817873699e+001
  1.304323451805e+002 -9.746132538517e+001
  1.312933516061e+002 -9.810447197488e+001
  1.321543579544e+002 -9.874761850686e+001
  1.330153642265e+002 -9.939076498189e+001
  1.338763704232e+002 -1.000339114007e+002
  1.347373765457e+002 -1.006770577640e+002
  1.355983825948e+002 -1.013202040724e+002
  1.364593885714e+002 -1.019633503268e+002
  1.373203944766e+002 -1.026064965277e+002
  1.381814003111e+002 -1.032496426759e+002
  1.390424060758e+002 -1.038927887720e+002
  1.399034117717e+002 -1.045359348166e+002
  1.407644173995e+002 -1.051790808104e+002
  1.416254229600e+002 -1.058222267540e+002
  1.424864284542e+002 -1.064653726479e+002
  1.433474338828e+002 -1.071085184929e+002
  1.442084392465e+002 -1.077516642894e+002
  1.450694445462e+002 -1.083948100381e+002
  1.459304497826e+002 -1.090379557396e+002
  1.467914549565e+002 -1.096811013943e+002
  1.476524600686e+002 -1.103242470028e+002
  1.485134651195e+002 -1.109673925657e+002
  1.493744701101e+002 -1.116105380835e+002
  1.502354750410e+002 -1.122536835567e+002
  1.510964799128e+002 -1.128968289858e+002
  1.519574847264e+002 -1.135399743714e+002
  1.528184894822e+002 -1.141831197138e+002
  1.536794941810e+002 -1.148262650137e+002
  1.545404988234e+002 -1.154694102714e+002
  1.554015034101e+002 -1.161125554875e+002
  1.562625079415e+002 -1.167557006623e+002
  1.571235124185e+002 -1.173988457965e+002
  1.579845168415e+002 -1.180419908903e+002
  1.588455212111e+002 -1.186851359442e+002
  1.597065255279e+002 -1.193282809588e+002
  1.605675297925e+002 -1.199714259343e+002
  1.614285340055e+002 -1.206145708712e+002
  1.622895381673e+002 -1.212577157700e+002
  1.631505422786e+002 -1.219008606309e+002
  1.640115463398e+002 -1.225440054545e+002
  1.648725503515e+002 -1.231871502411e+002
  1.657335543142e+002 -1.238302949911e+002
  1.665945582284e+002 -1.244734397049e+002
  1.674555620946e+002 -1.251165843828e+002
  1.683165659133e+002 -1.257597290253e+002
  1.691775696850e+002 -1.264028736326e+002
  1.700385734102e+002 -1.270460182052e+002
  1.708995770893e+002 -1.276891627434e+002
  1.717605807228e+002 -1.283323072475e+002
  1.726215843111e+002 -1.289754517178e+002
  1.734825878548e+002 -1.296185961548e+002
  1.743435913542e+002 -1.302617405587e+002
  1.752045948097e+002 -1.309048849299e+002
  1.760655982219e+002 -1.315480292687e+002
  1.769266015911e+002 -1.321911735754e+002
  1.777876049178e+002 -1.328343178502e+002
  1.786486082023e+002 -1.334774620937e+002
  1.795096114450e+002 -1.341206063059e+002
  1.803706146465e+002 -1.347637504873e+002
  1.812316178070e+002 -1.354068946380e+002
  1.820926209269e+002 -1.360500387585e+002
  1.829536240067e+002 -1.366931828490e+002
  1.838146270467e+002 -1.373363269098e+002
  1.846756300472e+002 -1.379794709411e+002
  1.855366330087e+002 -1.386226149432e+002
  1.863976359315e+002 -1.392657589164e+002
  1.872586388160e+002 -1.399089028610e+002
  1.881196416625e+002 -1.405520467773e+002
  1.889806444713e+002 -1.411951906654e+002
  1.898416472429e+002 -1.418383345256e+002
  1.907026499775e+002 -1.424814783582e+002
  1.915636526754e+002 -1.431246221635e+002
  1.924246553371e+002 -1.437677659417e+002
  1.932856579628e+002 -1.444109096930e+002
  1.941466605528e+002 -1.450540534176e+002
  1.950076631075e+002 -1.456971971159e+002
  1.958686656272e+002 -1.463403407880e+002
  1.967296681121e+002 -1.469834844342e+002
  1.975906705627e+002 -1.476266280546e+002
  1.984516729791e+002 -1.482697716496e+002
  1.993126753617e+002 -1.489129152193e+002
  2.001736777107e+002 -1.495560587640e+002
  2.010346800266e+002 -1.501992022838e+002
  2.018956823094e+002 -1.508423457790e+002
  2.027566845596e+002 -1.514854892498e+002
  2.036176867774e+002 -1.521286326964e+002
  2.044786889630e+002 -1.527717761190e+002
  2.053396911168e+002 -1.534149195178e+002
  2.062006932390e+002 -1.540580628930e+002
  2.070616953299e+002 -1.547012062448e+002
  2.079226973897e+002 -1.553443495734e+002
  2.087836994187e+002 -1.559874928790e+002
  2.096447014172e+002 -1.566306361618e+002
  2.105057033853e+002 -1.572737794219e+002
  2.113667053234e+002 -1.579169226596e+002
  2.122277072316e+002 -1.585600658750e+002
  2.130887091103e+002 -1.592032090683e+002
  2.139497109597e+002 -1.598463522396e+002
  2.148107127799e+002 -1.604894953893e+002
  2.156717145713e+002 -1.611326385174e+002
  2.165327163341e+002 -1.617757816241e+002
  2.173937180684e+002 -1.624189247096e+002
  2.182547197745e+002 -1.630620677740e+002
  2.191157214527e+002 -1.637052108175e+002
  2.199767231032e+002 -1.643483538404e+002
  2.208377247261e+002 -1.649914968426e+002
  2.216987263217e+002 -1.656346398245e+002
  2.225597278902e+002 -1.662777827861e+002
  2.234207294318e+002 -1.669209257276e+002
  2.242817309467e+002 -1.675640686492e+002
  2.251427324352e+002 -1.682072115510e+002
  2.260037338973e+002 -1.688503544331e+002
  2.268647353334e+002 -1.694934972958e+002
  2.277257367436e+002 -1.701366401392e+002
  2.285867381281e+002 -1.707797829634e+002
  2.294477394872e+002 -1.714229257685e+002
  2.303087408209e+002 -1.720660685547e+002
  2.311697421295e+002 -1.727092113222e+002
  2.320307434132e+002 -1.733523540711e+002
  2.328917446721e+002 -1.739954968014e+002
  2.337527459065e+002 -1.746386395135e+002
  2.346137471165e+002 -1.752817822073e+002
  2.354747483023e+002 -1.759249248830e+002
  2.363357494641e+002 -1.765680675408e+002
  2.371967506021e+002 -1.772112101808e+002
  2.380577517163e+002 -1.778543528031e+002
  2.389187528071e+002 -1.784974954079e+002
  2.397797538745e+002 -1.791406379952e+002
  2.406407549187e+002 -1.797837805652e+002
  2.415017559400e+002 -1.804269231180e+002
  2.423627569384e+002 -1.810700656538e+002
  2.432237579141e+002 -1.817132081726e+002
  2.440847588673e+002 -1.823563506746e+002
  2.449457597982e+002 -1.829994931599e+002
  2.458067607068e+002 -1.836426356286e+002
  2.466677615934e+002 -1.842857780809e+002
  2.475287624582e+002 -1.849289205168e+002
  2.483897633011e+002 -1.855720629364e+002
  2.492507641225e+002 -1.862152053399e+002
  2.501117649225e+002 -1.868583477275e+002
  2.509727657011e+002 -1.875014900991e+002
  2.518337664586e+002 -1.881446324549e+002
  2.526947671951e+002 -1.887877747950e+002
  2.535557679107e+002 -1.894309171195e+002
  2.544167686057e+002 -1.900740594286e+002
  2.552777692800e+002 -1.907172017223e+002
  2.561387699339e+002 -1.913603440007e+002
  2.569997705675e+002 -1.920034862640e+002
  2.578607711809e+002 -1.926466285122e+002
  2.587217717743e+002 -1.932897707454e+002
  2.595827723478e+002 -1.939329129637e+002
  2.604437729015e+002 -1.945760551673e+002
  2.613047734356e+002 -1.952191973563e+002
  2.621657739502e+002 -1.958623395306e+002
  2.630267744454e+002 -1.965054816905e+002
  2.638877749213e+002 -1.971486238360e+002
  2.647487753781e+002 -1.977917659672e+002
  2.656097758159e+002 -1.984349080842e+002
  2.664707762348e+002 -1.990780501871e+002
  2.673317766350e+002 -1.997211922760e+002
  2.681927770165e+002 -2.003643343510e+002
  2.690537773795e+002 -2.010074764121e+002
  2.699147777241e+002 -2.016506184595e+002
  2.707757780505e+002 -2.022937604932e+002
  2.716367783586e+002 -2.029369025134e+002
  2.724977786487e+002 -2.035800445201e+002
  2.733587789209e+002 -2.042231865133e+002
  2.742197791752e+002 -2.048663284933e+002
  2.750807794118e+002 -2.055094704600e+002
  2.759417796308e+002 -2.061526124136e+002
  2.768027798323e+002 -2.067957543541e+002
  2.776637800165e+002 -2.074388962816e+002
  2.785247801833e+002 -2.080820381963e+002
  2.793857803330e+002 -2.087251800981e+002
  2.802467804656e+002 -2.093683219871e+002
  2.811077805813e+002 -2.100114638635e+002
  2.819687806801e+002 -2.106546057273e+002
  2.828297807622e+002 -2.112977475785e+002
  2.836907808275e+002 -2.119408894174e+002
  2.845517808764e+002 -2.125840312438e+002
  2.854127809088e+002 -2.132271730580e+002
  2.862737809248e+002 -2.138703148600e+002
  2.871347809246e+002 -2.145134566498e+002
  2.879957809082e+002 -2.151565984275e+002
  2.888567808758e+002 -2.157997401933e+002
  2.897177808274e+002 -2.164428819471e+002
  2.905787807631e+002 -2.170860236891e+002
  2.914397806831e+002 -2.177291654193e+002
  2.923007805874e+002 -2.183723071377e+002
  2.931617804760e+002 -2.190154488446e+002
  2.940227803492e+002 -2.196585905398e+002
  2.948837802070e+002 -2.203017322236e+002
  2.957447800495e+002 -2.209448738959e+002
  2.966057798767e+002 -2.215880155568e+002
  2.974667796888e+002 -2.222311572064e+002
  2.983277794858e+002 -2.228742988448e+002
  2.991887792678e+002 -2.235174404720e+002
  3.000497790350e+002 -2.241605820880e+002
  3.009107787874e+002 -2.248037236930e+002
  3.017717785251e+002 -2.254468652871e+002
  3.026327782481e+002 -2.260900068702e+002
  3.034937779566e+002 -2.267331484424e+002
  3.043547776507e+002 -2.273762900039e+002
  3.052157773303e+002 -2.280194315545e+002
  3.060767769957e+002 -2.286625730946e+002
  3.069377766468e+002 -2.293057146240e+002
  3.077987762838e+002 -2.299488561428e+002
  3.086597759068e+002 -2.305919976511e+002
  3.095207755157e+002 -2.312351391490e+002
  3.103817751108e+002 -2.318782806365e+002
  3.112427746920e+002 -2.325214221137e+002
  3.121037742595e+002 -2.331645635805e+002
  3.129647738133e+002 -2.338077050372e+002
  3.138257733534e+002 -2.344508464838e+002
  3.146867728801e+002 -2.350939879202e+002
  3.155477723933e+002 -2.357371293465e+002
  3.164087718932e+002 -2.363802707629e+002
  3.172697713797e+002 -2.370234121694e+002
  3.181307708530e+002 -2.376665535659e+002
  3.189917703132e+002 -2.383096949526e+002
  3.198527697602e+002 -2.389528363296e+002
  3.207137691942e+002 -2.395959776968e+002
  3.215747686153e+002 -2.402391190543e+002
  3.224357680235e+002 -2.408822604022e+002
  3.232967674189e+002 -2.415254017406e+002
  3.241577668015e+002 -2.421685430694e+002
  3.250187661715e+002 -2.428116843888e+002
  3.258797655288e+002 -2.434548256987e+002
  3.267407648736e+002 -2.440979669993e+002
  3.276017642060e+002 -2.447411082905e+002
  3.284627635259e+002 -2.453842495725e+002
  3.293237628335e+002 -2.460273908453e+002
  3.301847621287e+002 -2.466705321089e+002
  3.310457614118e+002 -2.473136733633e+002
  3.319067606827e+002 -2.479568146087e+002
  3.327677599415e+002 -2.485999558450e+002
  3.336287591883e+002 -2.492430970724e+002
  3.344897584232e+002 -2.498862382908e+002
  3.353507576461e+002 -2.505293795003e+002
  3.362117568571e+002 -2.511725207010e+002
  3.370727560564e+002 -2.518156618929e+002
  3.379337552440e+002 -2.524588030760e+002
  3.387947544199e+002 -2.531019442504e+002
  3.396557535842e+002 -2.537450854161e+002
  3.405167527369e+002 -2.543882265732e+002
  3.413777518782e+002 -2.550313677217e+002
  3.422387510080e+002 -2.556745088617e+002
  3.430997501265e+002 -2.563176499932e+002
  3.439607492336e+002 -2.569607911163e+002
  3.448217483295e+002 -2.576039322309e+002
  3.456827474141e+002 -2.582470733371e+002
  3.465437464877e+002 -2.588902144351e+002
  3.474047455501e+002 -2.595333555247e+002
  3.482657446015e+002 -2.601764966061e+002
  3.491267436419e+002 -2.608196376793e+002
  3.499877426714e+002 -2.614627787444e+002
  3.508487416900e+002 -2.621059198013e+002
  3.517097406978e+002 -2.627490608501e+002
  3.525707396948e+002 -2.633922018909e+002
  3.534317386811e+002 -2.640353429237e+002
  3.542927376568e+002 -2.646784839485e+002
  3.551537366218e+002 -2.653216249654e+002
  3.560147355762e+002 -2.659647659743e+002
  3.568757345202e+002 -2.666079069755e+002
  3.577367334537e+002 -2.672510479688e+002
  3.585977323768e+002 -2.678941889544e+002
  3.594587312895e+002 -2.685373299322e+002
  3.603197301919e+002 -2.691804709023e+002
  3.611807290841e+002 -2.698236118648e+002
  3.620417279660e+002 -2.704667528196e+002
  3.629027268378e+002 -2.711098937668e+002
  3.637637256995e+002 -2.717530347065e+002
  3.646247245511e+002 -2.723961756387e+002
  3.654857233926e+002 -2.730393165633e+002
  3.663467222243e+002 -2.736824574806e+002
  3.672077210459e+002 -2.743255983904e+002
  3.680687198577e+002 -2.749687392928e+002
  3.689297186597e+002 -2.756118801879e+002
  3.697907174519e+002 -2.762550210757e+002
  3.706517162343e+002 -2.768981619562e+002
  3.715127150071e+002 -2.775413028294e+002
  3.723737137702e+002 -2.781844436955e+002
  3.732347125237e+002 -2.788275845544e+002
  3.740957112676e+002 -2.794707254061e+002
  3.749567100020e+002 -2.801138662507e+002
  3.758177087269e+002 -2.807570070882e+002
  3.766787074424e+002 -2.814001479187e+002
  3.775397061485e+002 -2.820432887422e+002
  3.784007048453e+002 -2.826864295587e+002
  3.792617035327e+002 -2.833295703683e+002
  3.801227022109e+002 -2.839727111709e+002
  3.809837008799e+002 -2.846158519667e+002
  3.818446995397e+002 -2.852589927555e+002
  3.827056981904e+002 -2.859021335376e+002
  3.835666968320e+002 -2.865452743129e+002
  3.844276954645e+002 -2.871884150814e+002
  3.852886940880e+002 -2.878315558432e+002
  3.861496927025e+002 -2.884746965982e+002
  3.870106913081e+002 -2.891178373466e+002
  3.878716899048e+002 -2.897609780884e+002
  3.887326884926e+002 -2.904041188235e+002
  3.895936870717e+002 -2.910472595521e+002
  3.904546856419e+002 -2.916904002741e+002
  3.913156842034e+002 -2.923335409896e+002
  3.921766827563e+002 -2.929766816986e+002
  3.930376813004e+002 -2.936198224011e+002
  3.938986798359e+002 -2.942629630971e+002
  3.947596783629e+002 -2.949061037868e+002
  3.956206768813e+002 -2.955492444700e+002
  3.964816753912e+002 -2.961923851470e+002
  3.973426738926e+002 -2.968355258175e+002
  3.982036723856e+002 -2.974786664818e+002
  3.990646708701e+002 -2.981218071398e+002
  3.999256693463e+002 -2.987649477916e+002
  4.007866678142e+002 -2.994080884371e+002
  4.016476662738e+002 -3.000512290764e+002
  4.025086647251e+002 -3.006943697096e+002
  4.033696631682e+002 -3.013375103366e+002
  4.042306616032e+002 -3.019806509575e+002
  4.050916600299e+002 -3.026237915724e+002
  4.059526584486e+002 -3.032669321811e+002
  4.068136568591e+002 -3.039100727838e+002
  4.076746552617e+002 -3.045532133806e+002
  4.085356536562e+002 -3.051963539713e+002
  4.093966520427e+002 -3.058394945560e+002
  4.102576504212e+002 -3.064826351348e+002
  4.111186487919e+002 -3.071257757078e+002
  4.119796471547e+002 -3.077689162748e+002
  4.128406455096e+002 -3.084120568359e+002
  4.137016438567e+002 -3.090551973913e+002
  4.145626421960e+002 -3.096983379408e+002
  4.154236405276e+002 -3.103414784845e+002
  4.162846388515e+002 -3.109846190224e+002
  4.171456371676e+002 -3.116277595546e+002
  4.180066354762e+002 -3.122709000811e+002
  4.188676337770e+002 -3.129140406019e+002
  4.197286320703e+002 -3.135571811171e+002
  4.205896303561e+002 -3.142003216265e+002
  4.214506286343e+002 -3.148434621304e+002
  4.223116269050e+002 -3.154866026286e+002
  4.231726251682e+002 -3.161297431213e+002
  4.240336234240e+002 -3.167728836084e+002
  4.248946216724e+002 -3.174160240900e+002
  4.257556199134e+002 -3.180591645661e+002
  4.266166181471e+002 -3.187023050366e+002
  4.274776163734e+002 -3.193454455017e+002
  4.283386145925e+002 -3.199885859614e+002
  4.291996128043e+002 -3.206317264156e+002
  4.300606110088e+002 -3.212748668645e+002
  4.309216092062e+002 -3.219180073079e+002
  4.317826073964e+002 -3.225611477460e+002
  4.326436055794e+002 -3.232042881788e+002
  4.335046037553e+002 -3.238474286062e+002
  4.343656019241e+002 -3.244905690284e+002
  4.352266000859e+002 -3.251337094453e+002
  4.360875982406e+002 -3.257768498569e+002
  4.369485963884e+002 -3.264199902633e+002
  4.378095945291e+002 -3.270631306645e+002
  4.386705926629e+002 -3.277062710605e+002
  4.395315907898e+002 -3.283494114513e+002
  4.403925889098e+002 -3.289925518369e+002
  4.412535870229e+002 -3.296356922175e+002
  4.421145851292e+002 -3.302788325929e+002
  4.429755832287e+002 -3.309219729632e+002
  4.438365813213e+002 -3.315651133285e+002
  4.446975794073e+002 -3.322082536887e+002
  4.455585774864e+002 -3.328513940439e+002
  4.464195755589e+002 -3.334945343941e+002
  4.472805736247e+002 -3.341376747392e+002
  4.481415716838e+002 -3.347808150794e+002
  4.490025697363e+002 -3.354239554147e+002
  4.498635677822e+002 -3.360670957450e+002
  4.507245658215e+002 -3.367102360704e+002
  4.515855638542e+002 -3.373533763909e+002
  4.524465618804e+002 -3.379965167065e+002
  4.533075599001e+002 -3.386396570173e+002
  4.541685579133e+002 -3.392827973232e+002
  4.550295559201e+002 -3.399259376243e+002
  4.558905539204e+002 -3.405690779205e+002
  4.567515519143e+002 -3.412122182120e+002
  4.576125499019e+002 -3.418553584988e+002
  4.584735478830e+002 -3.424984987807e+002
  4.593345458579e+002 -3.431416390580e+002
  4.601955438264e+002 -3.437847793305e+002
  4.610565417886e+002 -3.444279195983e+002
  4.619175397446e+002 -3.450710598615e+002
  4.627785376943e+002 -3.457142001199e+002
  4.636395356378e+002 -3.463573403738e+002
  4.645005335751e+002 -3.470004806230e+002
  4.653615315062e+002 -3.476436208676e+002
  4.662225294312e+002 -3.482867611076e+002
  4.670835273500e+002 -3.489299013430e+002
  4.679445252628e+002 -3.495730415738e+002
  4.688055231694e+002 -3.502161818002e+002
  4.696665210700e+002 -3.508593220219e+002
  4.705275189646e+002 -3.515024622392e+002
  4.713885168531e+002 -3.521456024520e+002
  4.722495147357e+002 -3.527887426603e+002
  4.731105126122e+002 -3.534318828641e+002
  4.739715104828e+002 -3.540750230635e+002
  4.748325083475e+002 -3.547181632585e+002
  4.756935062063e+002 -3.553613034491e+002
  4.765545040592e+002 -3.560044436352e+002
  4.774155019062e+002 -3.566475838170e+002
  4.782764997474e+002 -3.572907239944e+002
  4.791374975828e+002 -3.579338641675e+002
  4.799984954123e+002 -3.585770043362e+002
  4.808594932361e+002 -3.592201445006e+002
  4.817204910541e+002 -3.598632846607e+002
  4.825814888664e+002 -3.605064248165e+002
  4.834424866729e+002 -3.611495649680e+002
  4.843034844738e+002 -3.617927051153e+002
  4.851644822690e+002 -3.624358452584e+002
  4.860254800585e+002 -3.630789853972e+002
  4.868864778424e+002 -3.637221255318e+002
  4.877474756206e+002 -3.643652656622e+002
  4.886084733933e+002 -3.650084057884e+002
  4.894694711603e+002 -3.656515459104e+002
  4.903304689218e+002 -3.662946860283e+002
  4.911914666778e+002 -3.669378261421e+002
  4.920524644283e+002 -3.675809662517e+002
  4.929134621732e+002 -3.682241063573e+002
  4.937744599127e+002 -3.688672464587e+002
  4.946354576467e+002 -3.695103865560e+002
  4.954964553753e+002 -3.701535266493e+002
  4.963574530984e+002 -3.707966667385e+002
  4.972184508161e+002 -3.714398068237e+002
  4.980794485284e+002 -3.720829469049e+002
  4.989404462354e+002 -3.727260869820e+002
  4.998014439370e+002 -3.733692270552e+002
  5.006624416333e+002 -3.740123671244e+002
  5.015234393243e+002 -3.746555071896e+002
  5.023844370100e+002 -3.752986472508e+002
  5.032454346903e+002 -3.759417873081e+002
  5.041064323655e+002 -3.765849273615e+002
  5.049674300354e+002 -3.772280674110e+002
  5.058284277000e+002 -3.778712074565e+002
  5.066894253595e+002 -3.785143474982e+002
  5.075504230138e+002 -3.791574875360e+002
  5.084114206629e+002 -3.798006275699e+002
  5.092724183068e+002 -3.804437676000e+002
  5.101334159456e+002 -3.810869076262e+002
  5.109944135793e+002 -3.817300476486e+002
  5.118554112079e+002 -3.823731876672e+002
  5.127164088314e+002 -3.830163276820e+002
  5.135774064499e+002 -3.836594676931e+002
  5.144384040632e+002 -3.843026077003e+002
  5.152994016716e+002 -3.849457477038e+002
  5.161603992749e+002 -3.855888877036e+002
  5.170213968733e+002 -3.862320276996e+002
  5.178823944666e+002 -3.868751676918e+002
  5.187433920550e+002 -3.875183076804e+002
  5.196043896384e+002 -3.881614476653e+002
  5.204653872169e+002 -3.888045876465e+002
  5.213263847905e+002 -3.894477276240e+002
  5.221873823592e+002 -3.900908675979e+002
  5.230483799230e+002 -3.907340075681e+002
  5.239093774819e+002 -3.913771475346e+002
  5.247703750360e+002 -3.920202874976e+002
  5.256313725852e+002 -3.926634274569e+002
  5.264923701297e+002 -3.933065674127e+002
  5.273533676693e+002 -3.939497073648e+002
  5.282143652041e+002 -3.945928473134e+002
  5.290753627341e+002 -3.952359872584e+002
  5.299363602594e+002 -3.958791271998e+002
  5.307973577799e+002 -3.965222671377e+002
  5.316583552958e+002 -3.971654070721e+002
  5.325193528069e+002 -3.978085470029e+002
  5.333803503133e+002 -3.984516869302e+002
  5.342413478150e+002 -3.990948268541e+002
  5.351023453120e+002 -3.997379667744e+002
  5.359633428044e+002 -4.003811066913e+002
  5.368243402922e+002 -4.010242466047e+002
  5.376853377753e+002 -4.016673865147e+002
  5.385463352539e+002 -4.023105264212e+002
  5.394073327278e+002 -4.029536663243e+002
  5.402683301972e+002 -4.035968062240e+002
  5.411293276620e+002 -4.042399461202e+002
  5.419903251222e+002 -4.048830860131e+002
  5.428513225779e+002 -4.055262259025e+002
  5.437123200291e+002 -4.061693657886e+002
  5.445733174758e+002 -4.068125056714e+002
  5.454343149180e+002 -4.074556455507e+002
  5.462953123557e+002 -4.080987854268e+002
  5.471563097890e+002 -4.087419252995e+002
  5.480173072178e+002 -4.093850651688e+002
  5.488783046421e+002 -4.100282050349e+002
  5.497393020621e+002 -4.106713448976e+002
  5.506002994776e+002 -4.113144847571e+002
  5.514612968887e+002 -4.119576246133e+002
  5.523222942955e+002 -4.126007644662e+002
  5.531832916979e+002 -4.132439043158e+002
  5.540442890959e+002 -4.138870441622e+002
  5.549052864896e+002 -4.145301840054e+002
  5.557662838790e+002 -4.151733238453e+002
  5.566272812641e+002 -4.158164636820e+002
  5.574882786448e+002 -4.164596035155e+002
  5.583492760213e+002 -4.171027433458e+002
  5.592102733935e+002 -4.177458831729e+002
  5.600712707615e+002 -4.183890229968e+002
  5.609322681252e+002 -4.190321628175e+002
  5.617932654846e+002 -4.196753026351e+002
  5.626542628399e+002 -4.203184424495e+002
  5.635152601909e+002 -4.209615822608e+002
  5.643762575377e+002 -4.216047220689e+002
  5.652372548804e+002 -4.222478618740e+002
  5.660982522189e+002 -4.228910016759e+002
  5.669592495532e+002 -4.235341414747e+002
  5.678202468834e+002 -4.241772812704e+002
  5.686812442094e+002 -4.248204210630e+002
  5.695422415314e+002 -4.254635608525e+002
  5.704032388492e+002 -4.261067006390e+002
  5.712642361629e+002 -4.267498404224e+002
  5.721252334726e+002 -4.273929802028e+002
  5.729862307782e+002 -4.280361199801e+002
  5.738472280797e+002 -4.286792597544e+002
  5.747082253772e+002 -4.293223995257e+002
  5.755692226706e+002 -4.299655392940e+002
  5.764302199600e+002 -4.306086790592e+002
  5.772912172454e+002 -4.312518188215e+002
  5.781522145269e+002 -4.318949585808e+002
  5.790132118043e+002 -4.325380983371e+002
  5.798742090777e+002 -4.331812380904e+002
  5.807352063472e+002 -4.338243778408e+002
  5.815962036128e+002 -4.344675175882e+002
  5.824572008744e+002 -4.351106573327e+002
  5.833181981321e+002 -4.357537970742e+002
  5.841791953858e+002 -4.363969368129e+002
  5.850401926357e+002 -4.370400765486e+002
  5.859011898817e+002 -4.376832162814e+002
  5.867621871238e+002 -4.383263560113e+002
  5.876231843620e+002 -4.389694957383e+002
  5.884841815963e+002 -4.396126354624e+002
  5.893451788269e+002 -4.402557751837e+002
  5.902061760535e+002 -4.408989149021e+002
  5.910671732764e+002 -4.415420546176e+002
  5.919281704954e+002 -4.421851943303e+002
  5.927891677107e+002 -4.428283340401e+002
  5.936501649221e+002 -4.434714737471e+002
  5.945111621298e+002 -4.441146134513e+002
  5.953721593337e+002 -4.447577531527e+002
  5.962331565338e+002 -4.454008928513e+002
  5.970941537302e+002 -4.460440325470e+002
  5.979551509229e+002 -4.466871722400e+002
  5.988161481118e+002 -4.473303119302e+002
  5.996771452970e+002 -4.479734516176e+002
  6.005381424785e+002 -4.486165913023e+002
  6.013991396564e+002 -4.492597309842e+002
  6.022601368305e+002 -4.499028706633e+002
  6.031211340009e+002 -4.505460103397e+002
  6.039821311677e+002 -4.511891500134e+002
  6.048431283309e+002 -4.518322896843e+002
  6.057041254904e+002 -4.524754293525e+002
  6.065651226463e+002 -4.531185690180e+002
  6.074261197985e+002 -4.537617086808e+002
  6.082871169472e+002 -4.544048483409e+002
  6.091481140922e+002 -4.550479879984e+002
  6.100091112337e+002 -4.556911276531e+002
  6.108701083715e+002 -4.563342673051e+002
  6.117311055059e+002 -4.569774069545e+002
  6.125921026366e+002 -4.576205466013e+002
  6.134530997638e+002 -4.582636862453e+002
  6.143140968874e+002 -4.589068258868e+002
  6.151750940076e+002 -4.595499655256e+002
  6.160360911242e+002 -4.601931051617e+002
  6.168970882373e+002 -4.608362447953e+002
  6.177580853469e+002 -4.614793844262e+002
  6.186190824530e+002 -4.621225240545e+002
  6.194800795556e+002 -4.627656636803e+002
  6.203410766547e+002 -4.634088033034e+002
  6.212020737504e+002 -4.640519429239e+002
  6.220630708426e+002 -4.646950825419e+002
  6.229240679314e+002 -4.653382221573e+002
  6.237850650168e+002 -4.659813617701e+002
  6.246460620987e+002 -4.666245013804e+002
  6.255070591773e+002 -4.672676409881e+002
  6.263680562524e+002 -4.679107805933e+002
  6.272290533241e+002 -4.685539201959e+002
  6.280900503924e+002 -4.691970597961e+002
  6.289510474574e+002 -4.698401993936e+002
  6.298120445190e+002 -4.704833389887e+002
  6.306730415772e+002 -4.711264785813e+002
  6.315340386321e+002 -4.717696181714e+002
  6.323950356836e+002 -4.724127577589e+002
  6.332560327319e+002 -4.730558973440e+002
  6.341170297767e+002 -4.736990369266e+002
  6.349780268183e+002 -4.743421765067e+002
  6.358390238566e+002 -4.749853160844e+002
  6.367000208916e+002 -4.756284556596e+002
  6.375610179233e+002 -4.762715952323e+002
  6.384220149517e+002 -4.769147348026e+002
  6.392830119768e+002 -4.775578743705e+002
  6.401440089987e+002 -4.782010139359e+002
  6.410050060173e+002 -4.788441534989e+002
  6.418660030327e+002 -4.794872930594e+002
  6.427270000449e+002 -4.801304326176e+002
  6.435879970538e+002 -4.807735721733e+002
  6.444489940595e+002 -4.814167117267e+002
  6.453099910621e+002 -4.820598512776e+002
  6.461709880614e+002 -4.827029908262e+002
  6.470319850575e+002 -4.833461303723e+002
  6.478929820504e+002 -4.839892699161e+002
  6.487539790402e+002 -4.846324094576e+002
  6.496149760268e+002 -4.852755489966e+002
  6.504759730102e+002 -4.859186885333e+002
  6.513369699905e+002 -4.865618280677e+002
  6.521979669677e+002 -4.872049675997e+002
  6.530589639417e+002 -4.878481071293e+002
  6.539199609126e+002 -4.884912466567e+002
  6.547809578804e+002 -4.891343861817e+002
  6.556419548451e+002 -4.897775257044e+002
  6.565029518066e+002 -4.904206652247e+002
  6.573639487651e+002 -4.910638047428e+002
  6.582249457205e+002 -4.917069442585e+002
  6.590859426729e+002 -4.923500837720e+002
  6.599469396221e+002 -4.929932232832e+002
  6.608079365683e+002 -4.936363627921e+002
  6.616689335115e+002 -4.942795022987e+002
  6.625299304516e+002 -4.949226418030e+002
  6.633909273887e+002 -4.955657813051e+002
  6.642519243227e+002 -4.962089208049e+002
  6.651129212537e+002 -4.968520603024e+002
  6.659739181818e+002 -4.974951997977e+002
  6.668349151068e+002 -4.981383392908e+002
  6.676959120288e+002 -4.987814787816e+002
  6.685569089478e+002 -4.994246182702e+002
  6.694179058639e+002 -5.000677577565e+002
  6.702789027769e+002 -5.007108972407e+002
  6.711398996871e+002 -5.013540367226e+002
  6.720008965942e+002 -5.019971762023e+002
  6.728618934984e+002 -5.026403156798e+002
  6.737228903997e+002 -5.032834551551e+002
  6.745838872980e+002 -5.039265946283e+002
  6.754448841934e+002 -5.045697340992e+002
  6.763058810859e+002 -5.052128735679e+002
  6.771668779754e+002 -5.058560130345e+002
  6.780278748621e+002 -5.064991524989e+002
  6.788888717459e+002 -5.071422919612e+002
  6.797498686267e+002 -5.077854314213e+002
  6.806108655047e+002 -5.084285708792e+002
  6.814718623798e+002 -5.090717103350e+002
  6.823328592521e+002 -5.097148497886e+002
  6.831938561215e+002 -5.103579892401e+002
  6.840548529880e+002 -5.110011286895e+002
  6.849158498517e+002 -5.116442681367e+002
  6.857768467125e+002 -5.122874075818e+002
  6.866378435705e+002 -5.129305470249e+002
  6.874988404257e+002 -5.135736864658e+002
  6.883598372781e+002 -5.142168259045e+002
  6.892208341276e+002 -5.148599653412e+002
  6.900818309744e+002 -5.155031047758e+002
  6.909428278183e+002 -5.161462442083e+002
  6.918038246595e+002 -5.167893836388e+002
  6.926648214979e+002 -5.174325230671e+002
  6.935258183335e+002 -5.180756624934e+002
  6.943868151663e+002 -5.187188019176e+002
  6.952478119964e+002 -5.193619413397e+002
  6.961088088237e+002 -5.200050807598e+002
  6.969698056483e+002 -5.206482201778e+002
  6.978308024701e+002 -5.212913595938e+002
  6.986917992892e+002 -5.219344990077e+002
  6.995527961055e+002 -5.225776384196e+002
  7.004137929192e+002 -5.232207778295e+002
  7.012747897301e+002 -5.238639172373e+002
  7.021357865383e+002 -5.245070566431e+002
  7.029967833438e+002 -5.251501960469e+002
  7.038577801466e+002 -5.257933354487e+002
  7.047187769467e+002 -5.264364748484e+002
  7.055797737442e+002 -5.270796142462e+002
  7.064407705389e+002 -5.277227536420e+002
  7.073017673310e+002 -5.283658930357e+002
  7.081627641205e+002 -5.290090324275e+002
  7.090237609073e+002 -5.296521718173e+002
  7.098847576914e+002 -5.302953112051e+002
  7.107457544729e+002 -5.309384505910e+002
  7.116067512517e+002 -5.315815899748e+002
  7.124677480279e+002 -5.322247293567e+002
  7.133287448015e+002 -5.328678687367e+002
  7.141897415725e+002 -5.335110081147e+002
  7.150507383408e+002 -5.341541474907e+002
  7.159117351066e+002 -5.347972868648e+002
  7.167727318698e+002 -5.354404262370e+002
  7.176337286303e+002 -5.360835656072e+002
  7.184947253883e+002 -5.367267049755e+002
  7.193557221437e+002 -5.373698443418e+002
  7.202167188965e+002 -5.380129837063e+002
  7.210777156468e+002 -5.386561230688e+002
  7.219387123945e+002 -5.392992624294e+002
  7.227997091396e+002 -5.399424017881e+002
  7.236607058822e+002 -5.405855411449e+002
  7.245217026222e+002 -5.412286804997e+002
  7.253826993597e+002 -5.418718198527e+002
  7.262436960947e+002 -5.425149592038e+002
  7.271046928271e+002 -5.431580985531e+002
  7.279656895571e+002 -5.438012379004e+002
  7.288266862845e+002 -5.444443772458e+002
  7.296876830094e+002 -5.450875165894e+002
  7.305486797318e+002 -5.457306559311e+002
  7.314096764517e+002 -5.463737952710e+002
  7.322706731691e+002 -5.470169346090e+002
  7.331316698840e+002 -5.476600739451e+002
  7.339926665965e+002 -5.483032132794e+002
  7.348536633065e+002 -5.489463526118e+002
  7.357146600140e+002 -5.495894919424e+002
  7.365756567190e+002 -5.502326312711e+002
  7.374366534216e+002 -5.508757705981e+002
  7.382976501218e+002 -5.515189099232e+002
  7.391586468195e+002 -5.521620492464e+002
  7.400196435147e+002 -5.528051885679e+002
  7.408806402076e+002 -5.534483278875e+002
  7.417416368980e+002 -5.540914672053e+002
  7.426026335860e+002 -5.547346065213e+002
  7.434636302715e+002 -5.553777458355e+002
  7.443246269547e+002 -5.560208851479e+002
  7.451856236354e+002 -5.566640244585e+002
  7.460466203138e+002 -5.573071637673e+002
  7.469076169898e+002 -5.579503030743e+002
  7.477686136633e+002 -5.585934423795e+002
  7.486296103345e+002 -5.592365816830e+002
  7.494906070033e+002 -5.598797209847e+002
  7.503516036698e+002 -5.605228602846e+002
  7.512126003339e+002 -5.611659995827e+002
  7.520735969956e+002 -5.618091388791e+002
  7.529345936549e+002 -5.624522781737e+002
  7.537955903119e+002 -5.630954174666e+002
  7.546565869666e+002 -5.637385567577e+002
  7.555175836189e+002 -5.643816960471e+002
  7.563785802689e+002 -5.650248353347e+002
  7.572395769166e+002 -5.656679746206e+002
  7.581005735619e+002 -5.663111139047e+002
  7.589615702049e+002 -5.669542531872e+002
  7.598225668457e+002 -5.675973924678e+002
  7.606835634841e+002 -5.682405317468e+002
  7.615445601202e+002 -5.688836710241e+002
  7.624055567540e+002 -5.695268102996e+002
  7.632665533855e+002 -5.701699495734e+002
  7.641275500147e+002 -5.708130888455e+002
  7.649885466416e+002 -5.714562281159e+002
  7.658495432663e+002 -5.720993673846e+002
  7.667105398887e+002 -5.727425066516e+002
  7.675715365088e+002 -5.733856459169e+002
  7.684325331267e+002 -5.740287851806e+002
  7.692935297423e+002 -5.746719244425e+002
  7.701545263557e+002 -5.753150637028e+002
  7.710155229668e+002 -5.759582029614e+002
  7.718765195756e+002 -5.766013422183e+002
  7.727375161823e+002 -5.772444814735e+002
  7.735985127867e+002 -5.778876207271e+002
  7.744595093889e+002 -5.785307599790e+002
  7.753205059888e+002 -5.791738992292e+002
  7.761815025866e+002 -5.798170384778e+002
  7.770424991821e+002 -5.804601777248e+002
  7.779034957754e+002 -5.811033169701e+002
  7.787644923666e+002 -5.817464562137e+002
  7.796254889555e+002 -5.823895954557e+002
  7.804864855422e+002 -5.830327346961e+002
  7.813474821268e+002 -5.836758739348e+002
  7.822084787091e+002 -5.843190131719e+002
  7.830694752893e+002 -5.849621524074e+002
  7.839304718673e+002 -5.856052916413e+002
  7.847914684432e+002 -5.862484308735e+002
  7.856524650169e+002 -5.868915701042e+002
  7.865134615884e+002 -5.875347093332e+002
  7.873744581578e+002 -5.881778485606e+002
  7.882354547250e+002 -5.888209877864e+002
  7.890964512901e+002 -5.894641270106e+002
  7.899574478530e+002 -5.901072662332e+002
  7.908184444138e+002 -5.907504054542e+002
  7.916794409725e+002 -5.913935446736e+002
  7.925404375291e+002 -5.920366838914e+002
  7.934014340835e+002 -5.926798231076e+002
  7.942624306358e+002 -5.933229623223e+002
