  1.786334024722e+000 -1.366521797915e+000
  1.785925000639e+000 -1.366216268901e+000
  1.785106767010e+000 -1.365605072338e+000
  1.783878952446e+000 -1.364687930809e+000
  1.782240998705e+000 -1.363464427324e+000
  1.780192159291e+000 -1.361934004271e+000
  1.777731497572e+000 -1.360095962015e+000
  1.774857884414e+000 -1.357949457125e+000
  1.771569995301e+000 -1.355493500227e+000
  1.767866306937e+000 -1.352726953463e+000
  1.763745093300e+000 -1.349648527545e+000
  1.759204421123e+000 -1.346256778379e+000
  1.754242144786e+000 -1.342550103251e+000
  1.748855900565e+000 -1.338526736526e+000
  1.743043100214e+000 -1.334184744862e+000
  1.736800923834e+000 -1.329522021877e+000
  1.730126311976e+000 -1.324536282252e+000
  1.723015956929e+000 -1.319225055222e+000
  1.715466293116e+000 -1.313585677407e+000
  1.707473486548e+000 -1.307615284930e+000
  1.699033423239e+000 -1.301310804763e+000
  1.690141696493e+000 -1.294668945233e+000
  1.680793592975e+000 -1.287686185616e+000
  1.670984077426e+000 -1.280358764723e+000
  1.660707775926e+000 -1.272682668392e+000
  1.649958957514e+000 -1.264653615763e+000
  1.638731514041e+000 -1.256267044227e+000
  1.627018938036e+000 -1.247518092895e+000
  1.614814298378e+000 -1.238401584422e+000
  1.602110213528e+000 -1.228912005013e+000
  1.588898822038e+000 -1.219043482399e+000
  1.575171750009e+000 -1.208789761521e+000
  1.560920075126e+000 -1.198144177671e+000
  1.546134286844e+000 -1.187099626751e+000
  1.530804242216e+000 -1.175648532277e+000
  1.514919116802e+000 -1.163782808708e+000
  1.498467349960e+000 -1.151493820584e+000
  1.481436583761e+000 -1.138772336893e+000
  1.463813594575e+000 -1.125608479970e+000
  1.445584216255e+000 -1.111991668120e+000
  1.426733253622e+000 -1.097910550988e+000
  1.407244384711e+000 -1.083352936545e+000
  1.387100049952e+000 -1.068305708304e+000
  1.366281326062e+000 -1.052754731129e+000
  1.344767781999e+000 -1.036684743629e+000
  1.322537313727e+000 -1.020079234737e+000
  1.299565953826e+000 -1.002920301490e+000
  1.275827651062e+000 -9.851884843814e-001
  1.251294013877e+000 -9.668625757470e-001
  1.225934010199e+000 -9.479193955390e-001
  1.199713614064e+000 -9.283335273578e-001
  1.172595386895e+000 -9.080770056817e-001
  1.144537977871e+000 -8.871189426602e-001
  1.115495523195e+000 -8.654250793784e-001
  1.085416917725e+000 -8.429572417912e-001
  1.054244923769e+000 -8.196726750200e-001
  1.021915069622e+000 -7.955232205881e-001
  9.883542730075e-001 -7.704542881749e-001
  9.534790993642e-001 -7.444035546059e-001
  9.171935274743e-001 -7.172992948432e-001
  8.793860382390e-001 -6.890582073850e-001
  8.399257542260e-001 -6.595825306217e-001
  7.986572165102e-001 -6.287561412878e-001
  7.553931518823e-001 -5.964391517795e-001
  7.099041823064e-001 -5.624602234201e-001
  6.619037075415e-001 -5.266052742212e-001
  6.110248260157e-001 -4.886002394515e-001
  5.567834015374e-001 -4.480834835513e-001
  4.985153627426e-001 -4.045589646557e-001
  4.352618080020e-001 -3.573104113240e-001
  3.655356436926e-001 -3.052270081621e-001
  2.867725818861e-001 -2.463933071695e-001
  1.937063471399e-001 -1.768755547869e-001
  7.103350187431e-002 -8.524253122572e-002
 -2.181232833187e-001  1.307491208232e-001
 -4.738741154766e-001  3.217875040789e-001
 -7.232025042665e-001  5.080285101873e-001
 -9.698487742655e-001  6.922660520913e-001
 -1.215023290839e+000  8.754042372792e-001
 -1.459267370630e+000  1.057847413434e+000
 -1.702869722315e+000  1.239811237482e+000
 -1.946002536001e+000  1.421424330394e+000
 -2.188776790580e+000  1.602769590152e+000
 -2.431268215887e+000  1.783903584725e+000
 -2.673530804038e+000  1.964866644642e+000
 -2.915604409866e+000  2.145688540297e+000
 -3.157519294781e+000  2.326391876078e+000
 -3.399298979824e+000  2.506994221513e+000
 -3.640962110890e+000  2.687509504540e+000
 -3.882523720128e+000  2.867948953734e+000
 -4.123996103918e+000  3.048321754131e+000
 -4.365389449326e+000  3.228635515170e+000
 -4.606712290846e+000  3.408896611870e+000
 -4.847971849803e+000  3.589110438348e+000
 -5.089174290820e+000  3.769281599398e+000
 -5.330324918562e+000  3.949414057447e+000
 -5.571428330696e+000  4.129511246821e+000
 -5.812488538279e+000  4.309576163659e+000
 -6.053509061547e+000  4.489611437477e+000
 -6.294493006915e+000  4.669619388674e+000
 -6.535443129438e+000  4.849602075196e+000
 -6.776361883906e+000  5.029561330700e+000
 -7.017251466980e+000  5.209498796026e+000
 -7.258113852176e+000  5.389415945333e+000
 -7.498950819120e+000  5.569314107951e+000
 -7.739763978155e+000  5.749194486758e+000
 -7.980554791166e+000  5.929058173740e+000
 -8.221324589293e+000  6.108906163217e+000
 -8.462074588078e+000  6.288739363167e+000
 -8.702805900486e+000  6.468558604940e+000
 -8.943519548130e+000  6.648364651651e+000
 -9.184216471014e+000  6.828158205457e+000
 -9.424897536000e+000  7.007939913877e+000
 -9.665563544211e+000  7.187710375327e+000
 -9.906215237514e+000  7.367470143960e+000
 -1.014685330423e+001  7.547219733931e+000
 -1.038747838417e+001  7.726959623158e+000
 -1.062809107307e+001  7.906690256650e+000
 -1.086869192660e+001  8.086412049459e+000
 -1.110928146382e+001  8.266125389318e+000
 -1.134986017037e+001  8.445830638982e+000
 -1.159042850126e+001  8.625528138330e+000
 -1.183098688339e+001  8.805218206254e+000
 -1.207153571786e+001  8.984901142347e+000
 -1.231207538195e+001  9.164577228435e+000
 -1.255260623100e+001  9.344246729952e+000
 -1.279312860009e+001  9.523909897188e+000
 -1.303364280555e+001  9.703566966423e+000
 -1.327414914629e+001  9.883218160948e+000
 -1.351464790512e+001  1.006286369201e+001
 -1.375513934985e+001  1.024250375965e+001
 -1.399562373432e+001  1.042213855348e+001
 -1.423610129941e+001  1.060176825344e+001
 -1.447657227385e+001  1.078139303037e+001
 -1.471703687505e+001  1.096101304668e+001
 -1.495749530983e+001  1.114062845685e+001
 -1.519794777509e+001  1.132023940798e+001
 -1.543839445848e+001  1.149984604020e+001
 -1.567883553889e+001  1.167944848717e+001
 -1.591927118705e+001  1.185904687641e+001
 -1.615970156601e+001  1.203864132971e+001
 -1.640012683157e+001  1.221823196345e+001
 -1.664054713271e+001  1.239781888891e+001
 -1.688096261202e+001  1.257740221261e+001
 -1.712137340600e+001  1.275698203650e+001
 -1.736177964545e+001  1.293655845829e+001
 -1.760218145576e+001  1.311613157164e+001
 -1.784257895721e+001  1.329570146640e+001
 -1.808297226524e+001  1.347526822880e+001
 -1.832336149072e+001  1.365483194166e+001
 -1.856374674018e+001  1.383439268454e+001
 -1.880412811602e+001  1.401395053394e+001
 -1.904450571673e+001  1.419350556344e+001
 -1.928487963712e+001  1.437305784383e+001
 -1.952524996843e+001  1.455260744330e+001
 -1.976561679858e+001  1.473215442749e+001
 -2.000598021228e+001  1.491169885970e+001
 -2.024634029120e+001  1.509124080093e+001
 -2.048669711413e+001  1.527078031003e+001
 -2.072705075709e+001  1.545031744378e+001
 -2.096740129347e+001  1.562985225701e+001
 -2.120774879413e+001  1.580938480265e+001
 -2.144809332757e+001  1.598891513185e+001
 -2.168843495995e+001  1.616844329406e+001
 -2.192877375529e+001  1.634796933707e+001
 -2.216910977546e+001  1.652749330712e+001
 -2.240944308038e+001  1.670701524895e+001
 -2.264977372802e+001  1.688653520587e+001
 -2.289010177450e+001  1.706605321981e+001
 -2.313042727422e+001  1.724556933139e+001
 -2.337075027986e+001  1.742508357996e+001
 -2.361107084248e+001  1.760459600367e+001
 -2.385138901161e+001  1.778410663951e+001
 -2.409170483527e+001  1.796361552335e+001
 -2.433201836006e+001  1.814312269001e+001
 -2.457232963119e+001  1.832262817325e+001
 -2.481263869257e+001  1.850213200586e+001
 -2.505294558681e+001  1.868163421969e+001
 -2.529325035533e+001  1.886113484567e+001
 -2.553355303836e+001  1.904063391384e+001
 -2.577385367498e+001  1.922013145341e+001
 -2.601415230321e+001  1.939962749278e+001
 -2.625444896001e+001  1.957912205954e+001
 -2.649474368133e+001  1.975861518055e+001
 -2.673503650214e+001  1.993810688194e+001
 -2.697532745646e+001  2.011759718912e+001
 -2.721561657744e+001  2.029708612684e+001
 -2.745590389731e+001  2.047657371919e+001
 -2.769618944750e+001  2.065605998963e+001
 -2.793647325859e+001  2.083554496102e+001
 -2.817675536039e+001  2.101502865562e+001
 -2.841703578194e+001  2.119451109513e+001
 -2.865731455157e+001  2.137399230070e+001
 -2.889759169687e+001  2.155347229294e+001
 -2.913786724476e+001  2.173295109196e+001
 -2.937814122149e+001  2.191242871738e+001
 -2.961841365268e+001  2.209190518831e+001
 -2.985868456331e+001  2.227138052344e+001
 -3.009895397777e+001  2.245085474097e+001
 -3.033922191987e+001  2.263032785869e+001
 -3.057948841284e+001  2.280979989395e+001
 -3.081975347940e+001  2.298927086372e+001
 -3.106001714169e+001  2.316874078455e+001
 -3.130027942138e+001  2.334820967262e+001
 -3.154054033962e+001  2.352767754373e+001
 -3.178079991710e+001  2.370714441331e+001
 -3.202105817400e+001  2.388661029648e+001
 -3.226131513010e+001  2.406607520797e+001
 -3.250157080469e+001  2.424553916223e+001
 -3.274182521668e+001  2.442500217335e+001
 -3.298207838452e+001  2.460446425514e+001
 -3.322233032630e+001  2.478392542108e+001
 -3.346258105969e+001  2.496338568440e+001
 -3.370283060198e+001  2.514284505800e+001
 -3.394307897012e+001  2.532230355454e+001
 -3.418332618066e+001  2.550176118640e+001
 -3.442357224983e+001  2.568121796568e+001
 -3.466381719352e+001  2.586067390426e+001
 -3.490406102729e+001  2.604012901376e+001
 -3.514430376636e+001  2.621958330556e+001
 -3.538454542566e+001  2.639903679080e+001
 -3.562478601981e+001  2.657848948040e+001
 -3.586502556313e+001  2.675794138506e+001
 -3.610526406967e+001  2.693739251528e+001
 -3.634550155317e+001  2.711684288132e+001
 -3.658573802714e+001  2.729629249327e+001
 -3.682597350478e+001  2.747574136099e+001
 -3.706620799906e+001  2.765518949417e+001
 -3.730644152270e+001  2.783463690231e+001
 -3.754667408816e+001  2.801408359471e+001
 -3.778690570766e+001  2.819352958051e+001
 -3.802713639321e+001  2.837297486868e+001
 -3.826736615657e+001  2.855241946800e+001
 -3.850759500929e+001  2.873186338710e+001
 -3.874782296270e+001  2.891130663444e+001
 -3.898805002792e+001  2.909074921833e+001
 -3.922827621587e+001  2.927019114692e+001
 -3.946850153727e+001  2.944963242823e+001
 -3.970872600264e+001  2.962907307010e+001
 -3.994894962231e+001  2.980851308026e+001
 -4.018917240642e+001  2.998795246628e+001
 -4.042939436493e+001  3.016739123562e+001
 -4.066961550764e+001  3.034682939556e+001
 -4.090983584416e+001  3.052626695331e+001
 -4.115005538393e+001  3.070570391590e+001
 -4.139027413623e+001  3.088514029028e+001
 -4.163049211017e+001  3.106457608325e+001
 -4.187070931473e+001  3.124401130151e+001
 -4.211092575870e+001  3.142344595164e+001
 -4.235114145074e+001  3.160288004009e+001
 -4.259135639937e+001  3.178231357324e+001
 -4.283157061294e+001  3.196174655732e+001
 -4.307178409968e+001  3.214117899849e+001
 -4.331199686768e+001  3.232061090277e+001
 -4.355220892490e+001  3.250004227612e+001
 -4.379242027915e+001  3.267947312438e+001
 -4.403263093814e+001  3.285890345328e+001
 -4.427284090942e+001  3.303833326850e+001
 -4.451305020044e+001  3.321776257559e+001
 -4.475325881854e+001  3.339719138001e+001
 -4.499346677091e+001  3.357661968716e+001
 -4.523367406465e+001  3.375604750233e+001
 -4.547388070673e+001  3.393547483073e+001
 -4.571408670403e+001  3.411490167751e+001
 -4.595429206332e+001  3.429432804769e+001
 -4.619449679123e+001  3.447375394627e+001
 -4.643470089433e+001  3.465317937812e+001
 -4.667490437906e+001  3.483260434808e+001
 -4.691510725178e+001  3.501202886087e+001
 -4.715530951873e+001  3.519145292118e+001
 -4.739551118609e+001  3.537087653361e+001
 -4.763571225990e+001  3.555029970268e+001
 -4.787591274615e+001  3.572972243285e+001
 -4.811611265072e+001  3.590914472853e+001
 -4.835631197940e+001  3.608856659403e+001
 -4.859651073790e+001  3.626798803363e+001
 -4.883670893184e+001  3.644740905152e+001
 -4.907690656678e+001  3.662682965185e+001
 -4.931710364816e+001  3.680624983869e+001
 -4.955730018138e+001  3.698566961606e+001
 -4.979749617173e+001  3.716508898793e+001
 -5.003769162444e+001  3.734450795820e+001
 -5.027788654465e+001  3.752392653071e+001
 -5.051808093746e+001  3.770334470926e+001
 -5.075827480786e+001  3.788276249759e+001
 -5.099846816078e+001  3.806217989938e+001
 -5.123866100110e+001  3.824159691827e+001
 -5.147885333361e+001  3.842101355784e+001
 -5.171904516303e+001  3.860042982162e+001
 -5.195923649404e+001  3.877984571309e+001
 -5.219942733122e+001  3.895926123570e+001
 -5.243961767912e+001  3.913867639282e+001
 -5.267980754221e+001  3.931809118781e+001
 -5.291999692491e+001  3.949750562396e+001
 -5.316018583155e+001  3.967691970451e+001
 -5.340037426645e+001  3.985633343267e+001
 -5.364056223383e+001  4.003574681162e+001
 -5.388074973787e+001  4.021515984446e+001
 -5.412093678270e+001  4.039457253429e+001
 -5.436112337238e+001  4.057398488413e+001
 -5.460130951092e+001  4.075339689700e+001
 -5.484149520230e+001  4.093280857584e+001
 -5.508168045042e+001  4.111221992357e+001
 -5.532186525914e+001  4.129163094309e+001
 -5.556204963226e+001  4.147104163723e+001
 -5.580223357355e+001  4.165045200880e+001
 -5.604241708671e+001  4.182986206058e+001
 -5.628260017541e+001  4.200927179530e+001
 -5.652278284327e+001  4.218868121566e+001
 -5.676296509385e+001  4.236809032432e+001
 -5.700314693069e+001  4.254749912393e+001
 -5.724332835725e+001  4.272690761708e+001
 -5.748350937699e+001  4.290631580634e+001
 -5.772368999328e+001  4.308572369424e+001
 -5.796387020948e+001  4.326513128328e+001
 -5.820405002891e+001  4.344453857595e+001
 -5.844422945483e+001  4.362394557467e+001
 -5.868440849047e+001  4.380335228187e+001
 -5.892458713902e+001  4.398275869992e+001
 -5.916476540363e+001  4.416216483118e+001
 -5.940494328741e+001  4.434157067797e+001
 -5.964512079343e+001  4.452097624259e+001
 -5.988529792473e+001  4.470038152731e+001
 -6.012547468432e+001  4.487978653436e+001
 -6.036565107516e+001  4.505919126597e+001
 -6.060582710017e+001  4.523859572431e+001
 -6.084600276226e+001  4.541799991157e+001
 -6.108617806427e+001  4.559740382986e+001
 -6.132635300905e+001  4.577680748130e+001
 -6.156652759937e+001  4.595621086798e+001
 -6.180670183801e+001  4.613561399195e+001
 -6.204687572769e+001  4.631501685527e+001
 -6.228704927111e+001  4.649441945994e+001
 -6.252722247094e+001  4.667382180796e+001
 -6.276739532980e+001  4.685322390128e+001
 -6.300756785031e+001  4.703262574187e+001
 -6.324774003504e+001  4.721202733164e+001
 -6.348791188654e+001  4.739142867249e+001
 -6.372808340732e+001  4.757082976631e+001
 -6.396825459987e+001  4.775023061495e+001
 -6.420842546666e+001  4.792963122025e+001
 -6.444859601011e+001  4.810903158403e+001
 -6.468876623263e+001  4.828843170809e+001
 -6.492893613661e+001  4.846783159420e+001
 -6.516910572438e+001  4.864723124413e+001
 -6.540927499830e+001  4.882663065960e+001
 -6.564944396064e+001  4.900602984234e+001
 -6.588961261369e+001  4.918542879405e+001
 -6.612978095970e+001  4.936482751641e+001
 -6.636994900090e+001  4.954422601108e+001
 -6.661011673949e+001  4.972362427971e+001
 -6.685028417765e+001  4.990302232393e+001
 -6.709045131753e+001  5.008242014534e+001
 -6.733061816127e+001  5.026181774555e+001
 -6.757078471097e+001  5.044121512611e+001
 -6.781095096872e+001  5.062061228861e+001
 -6.805111693660e+001  5.080000923456e+001
 -6.829128261663e+001  5.097940596551e+001
 -6.853144801084e+001  5.115880248297e+001
 -6.877161312124e+001  5.133819878841e+001
 -6.901177794980e+001  5.151759488334e+001
 -6.925194249848e+001  5.169699076920e+001
 -6.949210676922e+001  5.187638644745e+001
 -6.973227076393e+001  5.205578191952e+001
 -6.997243448452e+001  5.223517718682e+001
 -7.021259793287e+001  5.241457225077e+001
 -7.045276111082e+001  5.259396711274e+001
 -7.069292402024e+001  5.277336177412e+001
 -7.093308666293e+001  5.295275623626e+001
 -7.117324904070e+001  5.313215050052e+001
 -7.141341115534e+001  5.331154456823e+001
 -7.165357300861e+001  5.349093844070e+001
 -7.189373460226e+001  5.367033211924e+001
 -7.213389593803e+001  5.384972560516e+001
 -7.237405701763e+001  5.402911889972e+001
 -7.261421784276e+001  5.420851200419e+001
 -7.285437841509e+001  5.438790491984e+001
 -7.309453873630e+001  5.456729764791e+001
 -7.333469880802e+001  5.474669018962e+001
 -7.357485863190e+001  5.492608254619e+001
 -7.381501820955e+001  5.510547471884e+001
 -7.405517754257e+001  5.528486670875e+001
 -7.429533663253e+001  5.546425851712e+001
 -7.453549548102e+001  5.564365014510e+001
 -7.477565408959e+001  5.582304159387e+001
 -7.501581245977e+001  5.600243286458e+001
 -7.525597059309e+001  5.618182395835e+001
 -7.549612849105e+001  5.636121487633e+001
 -7.573628615516e+001  5.654060561962e+001
 -7.597644358690e+001  5.671999618934e+001
 -7.621660078773e+001  5.689938658657e+001
 -7.645675775910e+001  5.707877681241e+001
 -7.669691450246e+001  5.725816686792e+001
 -7.693707101923e+001  5.743755675419e+001
 -7.717722731083e+001  5.761694647225e+001
 -7.741738337865e+001  5.779633602315e+001
 -7.765753922407e+001  5.797572540794e+001
 -7.789769484848e+001  5.815511462764e+001
 -7.813785025324e+001  5.833450368326e+001
 -7.837800543969e+001  5.851389257581e+001
 -7.861816040916e+001  5.869328130629e+001
 -7.885831516299e+001  5.887266987568e+001
 -7.909846970249e+001  5.905205828498e+001
 -7.933862402895e+001  5.923144653514e+001
 -7.957877814366e+001  5.941083462713e+001
 -7.981893204790e+001  5.959022256191e+001
 -8.005908574294e+001  5.976961034042e+001
 -8.029923923002e+001  5.994899796359e+001
 -8.053939251039e+001  6.012838543236e+001
 -8.077954558528e+001  6.030777274764e+001
 -8.101969845591e+001  6.048715991034e+001
 -8.125985112350e+001  6.066654692138e+001
 -8.150000358923e+001  6.084593378163e+001
 -8.174015585430e+001  6.102532049200e+001
 -8.198030791989e+001  6.120470705335e+001
 -8.222045978715e+001  6.138409346657e+001
 -8.246061145726e+001  6.156347973252e+001
 -8.270076293135e+001  6.174286585205e+001
 -8.294091421057e+001  6.192225182601e+001
 -8.318106529603e+001  6.210163765524e+001
 -8.342121618887e+001  6.228102334059e+001
 -8.366136689017e+001  6.246040888287e+001
 -8.390151740106e+001  6.263979428291e+001
 -8.414166772260e+001  6.281917954152e+001
 -8.438181785589e+001  6.299856465950e+001
 -8.462196780199e+001  6.317794963767e+001
 -8.486211756196e+001  6.335733447680e+001
 -8.510226713685e+001  6.353671917768e+001
 -8.534241652772e+001  6.371610374110e+001
 -8.558256573559e+001  6.389548816783e+001
 -8.582271476149e+001  6.407487245863e+001
 -8.606286360643e+001  6.425425661426e+001
 -8.630301227143e+001  6.443364063548e+001
 -8.654316075748e+001  6.461302452303e+001
 -8.678330906559e+001  6.479240827766e+001
 -8.702345719672e+001  6.497179190009e+001
 -8.726360515186e+001  6.515117539106e+001
 -8.750375293197e+001  6.533055875130e+001
 -8.774390053801e+001  6.550994198151e+001
 -8.798404797094e+001  6.568932508241e+001
 -8.822419523170e+001  6.586870805470e+001
 -8.846434232123e+001  6.604809089909e+001
 -8.870448924045e+001  6.622747361626e+001
 -8.894463599028e+001  6.640685620690e+001
 -8.918478257164e+001  6.658623867171e+001
 -8.942492898544e+001  6.676562101134e+001
 -8.966507523257e+001  6.694500322649e+001
 -8.990522131393e+001  6.712438531780e+001
 -9.014536723039e+001  6.730376728594e+001
 -9.038551298285e+001  6.748314913158e+001
 -9.062565857216e+001  6.766253085535e+001
 -9.086580399920e+001  6.784191245790e+001
 -9.110594926481e+001  6.802129393988e+001
 -9.134609436985e+001  6.820067530191e+001
 -9.158623931516e+001  6.838005654463e+001
 -9.182638410159e+001  6.855943766867e+001
 -9.206652872995e+001  6.873881867464e+001
 -9.230667320107e+001  6.891819956315e+001
 -9.254681751577e+001  6.909758033483e+001
 -9.278696167487e+001  6.927696099027e+001
 -9.302710567916e+001  6.945634153007e+001
 -9.326724952944e+001  6.963572195484e+001
 -9.350739322651e+001  6.981510226516e+001
 -9.374753677115e+001  6.999448246162e+001
 -9.398768016414e+001  7.017386254480e+001
 -9.422782340626e+001  7.035324251529e+001
 -9.446796649827e+001  7.053262237365e+001
 -9.470810944094e+001  7.071200212045e+001
 -9.494825223502e+001  7.089138175627e+001
 -9.518839488127e+001  7.107076128165e+001
 -9.542853738043e+001  7.125014069717e+001
 -9.566867973323e+001  7.142952000336e+001
 -9.590882194042e+001  7.160889920078e+001
 -9.614896400271e+001  7.178827828998e+001
 -9.638910592084e+001  7.196765727148e+001
 -9.662924769553e+001  7.214703614584e+001
 -9.686938932747e+001  7.232641491357e+001
 -9.710953081739e+001  7.250579357521e+001
 -9.734967216598e+001  7.268517213129e+001
 -9.758981337394e+001  7.286455058231e+001
 -9.782995444196e+001  7.304392892881e+001
 -9.807009537072e+001  7.322330717129e+001
 -9.831023616092e+001  7.340268531026e+001
 -9.855037681321e+001  7.358206334622e+001
 -9.879051732829e+001  7.376144127969e+001
 -9.903065770680e+001  7.394081911114e+001
 -9.927079794942e+001  7.412019684109e+001
 -9.951093805680e+001  7.429957447002e+001
 -9.975107802959e+001  7.447895199841e+001
 -9.999121786844e+001  7.465832942675e+001
 -1.002313575740e+002  7.483770675553e+001
 -1.004714971469e+002  7.501708398521e+001
 -1.007116365878e+002  7.519646111627e+001
 -1.009517758972e+002  7.537583814919e+001
 -1.011919150759e+002  7.555521508442e+001
 -1.014320541245e+002  7.573459192243e+001
 -1.016721930435e+002  7.591396866368e+001
 -1.019123318336e+002  7.609334530862e+001
 -1.021524704953e+002  7.627272185772e+001
 -1.023926090294e+002  7.645209831141e+001
 -1.026327474363e+002  7.663147467016e+001
 -1.028728857167e+002  7.681085093439e+001
 -1.031130238712e+002  7.699022710455e+001
 -1.033531619003e+002  7.716960318109e+001
 -1.035932998047e+002  7.734897916443e+001
 -1.038334375849e+002  7.752835505500e+001
 -1.040735752414e+002  7.770773085324e+001
 -1.043137127750e+002  7.788710655957e+001
 -1.045538501860e+002  7.806648217441e+001
 -1.047939874751e+002  7.824585769819e+001
 -1.050341246429e+002  7.842523313131e+001
 -1.052742616899e+002  7.860460847420e+001
 -1.055143986166e+002  7.878398372726e+001
 -1.057545354236e+002  7.896335889091e+001
 -1.059946721114e+002  7.914273396555e+001
 -1.062348086806e+002  7.932210895158e+001
 -1.064749451318e+002  7.950148384940e+001
 -1.067150814654e+002  7.968085865941e+001
 -1.069552176819e+002  7.986023338200e+001
 -1.071953537820e+002  8.003960801757e+001
 -1.074354897660e+002  8.021898256651e+001
 -1.076756256347e+002  8.039835702920e+001
 -1.079157613883e+002  8.057773140603e+001
 -1.081558970275e+002  8.075710569738e+001
 -1.083960325528e+002  8.093647990363e+001
 -1.086361679647e+002  8.111585402515e+001
 -1.088763032637e+002  8.129522806232e+001
 -1.091164384502e+002  8.147460201551e+001
 -1.093565735248e+002  8.165397588509e+001
 -1.095967084879e+002  8.183334967143e+001
 -1.098368433401e+002  8.201272337490e+001
 -1.100769780819e+002  8.219209699584e+001
 -1.103171127136e+002  8.237147053463e+001
 -1.105572472359e+002  8.255084399162e+001
 -1.107973816491e+002  8.273021736717e+001
 -1.110375159537e+002  8.290959066162e+001
 -1.112776501503e+002  8.308896387534e+001
 -1.115177842392e+002  8.326833700866e+001
 -1.117579182210e+002  8.344771006193e+001
 -1.119980520960e+002  8.362708303550e+001
 -1.122381858648e+002  8.380645592971e+001
 -1.124783195279e+002  8.398582874490e+001
 -1.127184530856e+002  8.416520148140e+001
 -1.129585865384e+002  8.434457413955e+001
 -1.131987198867e+002  8.452394671968e+001
 -1.134388531311e+002  8.470331922213e+001
 -1.136789862719e+002  8.488269164722e+001
 -1.139191193095e+002  8.506206399527e+001
 -1.141592522445e+002  8.524143626662e+001
 -1.143993850772e+002  8.542080846159e+001
 -1.146395178081e+002  8.560018058049e+001
 -1.148796504376e+002  8.577955262364e+001
 -1.151197829661e+002  8.595892459136e+001
 -1.153599153940e+002  8.613829648397e+001
 -1.156000477218e+002  8.631766830178e+001
 -1.158401799499e+002  8.649704004509e+001
 -1.160803120786e+002  8.667641171422e+001
 -1.163204441085e+002  8.685578330947e+001
 -1.165605760398e+002  8.703515483115e+001
 -1.168007078731e+002  8.721452627956e+001
 -1.170408396087e+002  8.739389765500e+001
 -1.172809712470e+002  8.757326895778e+001
 -1.175211027884e+002  8.775264018818e+001
 -1.177612342333e+002  8.793201134650e+001
 -1.180013655822e+002  8.811138243304e+001
 -1.182414968353e+002  8.829075344809e+001
 -1.184816279931e+002  8.847012439194e+001
 -1.187217590559e+002  8.864949526488e+001
 -1.189618900242e+002  8.882886606719e+001
 -1.192020208984e+002  8.900823679916e+001
 -1.194421516787e+002  8.918760746107e+001
 -1.196822823657e+002  8.936697805321e+001
 -1.199224129596e+002  8.954634857585e+001
 -1.201625434608e+002  8.972571902927e+001
 -1.204026738698e+002  8.990508941375e+001
 -1.206428041868e+002  9.008445972956e+001
 -1.208829344122e+002  9.026382997698e+001
 -1.211230645465e+002  9.044320015627e+001
 -1.213631945899e+002  9.062257026771e+001
 -1.216033245428e+002  9.080194031157e+001
 -1.218434544057e+002  9.098131028811e+001
 -1.220835841787e+002  9.116068019760e+001
 -1.223237138623e+002  9.134005004029e+001
 -1.225638434569e+002  9.151941981646e+001
 -1.228039729628e+002  9.169878952637e+001
 -1.230441023803e+002  9.187815917026e+001
 -1.232842317097e+002  9.205752874841e+001
 -1.235243609515e+002  9.223689826106e+001
 -1.237644901060e+002  9.241626770847e+001
 -1.240046191734e+002  9.259563709090e+001
 -1.242447481542e+002  9.277500640858e+001
 -1.244848770487e+002  9.295437566179e+001
 -1.247250058571e+002  9.313374485075e+001
 -1.249651345799e+002  9.331311397573e+001
 -1.252052632174e+002  9.349248303696e+001
 -1.254453917699e+002  9.367185203469e+001
 -1.256855202376e+002  9.385122096917e+001
 -1.259256486210e+002  9.403058984063e+001
 -1.261657769204e+002  9.420995864932e+001
 -1.264059051360e+002  9.438932739547e+001
 -1.266460332683e+002  9.456869607932e+001
 -1.268861613174e+002  9.474806470110e+001
 -1.271262892838e+002  9.492743326106e+001
 -1.273664171677e+002  9.510680175942e+001
 -1.276065449695e+002  9.528617019643e+001
 -1.278466726894e+002  9.546553857229e+001
 -1.280868003278e+002  9.564490688726e+001
 -1.283269278850e+002  9.582427514155e+001
 -1.285670553613e+002  9.600364333540e+001
 -1.288071827569e+002  9.618301146902e+001
 -1.290473100722e+002  9.636237954264e+001
 -1.292874373075e+002  9.654174755649e+001
 -1.295275644631e+002  9.672111551079e+001
 -1.297676915392e+002  9.690048340576e+001
 -1.300078185362e+002  9.707985124161e+001
 -1.302479454543e+002  9.725921901857e+001
 -1.304880722939e+002  9.743858673685e+001
 -1.307281990553e+002  9.761795439667e+001
 -1.309683257386e+002  9.779732199824e+001
 -1.312084523443e+002  9.797668954178e+001
 -1.314485788725e+002  9.815605702750e+001
 -1.316887053237e+002  9.833542445561e+001
 -1.319288316979e+002  9.851479182632e+001
 -1.321689579957e+002  9.869415913984e+001
 -1.324090842171e+002  9.887352639637e+001
 -1.326492103625e+002  9.905289359612e+001
 -1.328893364322e+002  9.923226073931e+001
 -1.331294624264e+002  9.941162782612e+001
 -1.333695883455e+002  9.959099485677e+001
 -1.336097141896e+002  9.977036183146e+001
 -1.338498399591e+002  9.994972875039e+001
 -1.340899656542e+002  1.001290956138e+002
 -1.343300912751e+002  1.003084624218e+002
 -1.345702168222e+002  1.004878291746e+002
 -1.348103422958e+002  1.006671958725e+002
 -1.350504676960e+002  1.008465625156e+002
 -1.352905930231e+002  1.010259291041e+002
 -1.355307182775e+002  1.012052956382e+002
 -1.357708434592e+002  1.013846621182e+002
 -1.360109685687e+002  1.015640285441e+002
 -1.362510936062e+002  1.017433949163e+002
 -1.364912185719e+002  1.019227612348e+002
 -1.367313434660e+002  1.021021274998e+002
 -1.369714682889e+002  1.022814937117e+002
 -1.372115930407e+002  1.024608598705e+002
 -1.374517177217e+002  1.026402259764e+002
 -1.376918423323e+002  1.028195920296e+002
 -1.379319668725e+002  1.029989580303e+002
 -1.381720913427e+002  1.031783239787e+002
 -1.384122157430e+002  1.033576898750e+002
 -1.386523400739e+002  1.035370557193e+002
 -1.388924643354e+002  1.037164215118e+002
 -1.391325885278e+002  1.038957872527e+002
 -1.393727126514e+002  1.040751529422e+002
 -1.396128367064e+002  1.042545185805e+002
 -1.398529606930e+002  1.044338841677e+002
 -1.400930846115e+002  1.046132497040e+002
 -1.403332084620e+002  1.047926151895e+002
 -1.405733322450e+002  1.049719806246e+002
 -1.408134559604e+002  1.051513460092e+002
 -1.410535796087e+002  1.053307113437e+002
 -1.412937031900e+002  1.055100766281e+002
 -1.415338267046e+002  1.056894418627e+002
 -1.417739501526e+002  1.058688070476e+002
 -1.420140735343e+002  1.060481721829e+002
 -1.422541968499e+002  1.062275372689e+002
 -1.424943200997e+002  1.064069023057e+002
 -1.427344432839e+002  1.065862672935e+002
 -1.429745664027e+002  1.067656322324e+002
 -1.432146894562e+002  1.069449971226e+002
 -1.434548124448e+002  1.071243619643e+002
 -1.436949353687e+002  1.073037267577e+002
 -1.439350582280e+002  1.074830915028e+002
 -1.441751810229e+002  1.076624561998e+002
 -1.444153037538e+002  1.078418208490e+002
 -1.446554264208e+002  1.080211854505e+002
 -1.448955490241e+002  1.082005500044e+002
 -1.451356715639e+002  1.083799145108e+002
 -1.453757940404e+002  1.085592789701e+002
 -1.456159164539e+002  1.087386433822e+002
 -1.458560388046e+002  1.089180077474e+002
 -1.460961610926e+002  1.090973720657e+002
 -1.463362833182e+002  1.092767363375e+002
 -1.465764054816e+002  1.094561005628e+002
 -1.468165275829e+002  1.096354647417e+002
 -1.470566496224e+002  1.098148288744e+002
 -1.472967716003e+002  1.099941929612e+002
 -1.475368935168e+002  1.101735570020e+002
 -1.477770153720e+002  1.103529209971e+002
 -1.480171371662e+002  1.105322849467e+002
 -1.482572588996e+002  1.107116488508e+002
 -1.484973805724e+002  1.108910127096e+002
 -1.487375021848e+002  1.110703765233e+002
 -1.489776237369e+002  1.112497402920e+002
 -1.492177452289e+002  1.114291040158e+002
 -1.494578666612e+002  1.116084676949e+002
 -1.496979880337e+002  1.117878313295e+002
 -1.499381093468e+002  1.119671949196e+002
 -1.501782306006e+002  1.121465584655e+002
 -1.504183517954e+002  1.123259219673e+002
 -1.506584729312e+002  1.125052854250e+002
 -1.508985940084e+002  1.126846488389e+002
 -1.511387150270e+002  1.128640122091e+002
 -1.513788359872e+002  1.130433755357e+002
 -1.516189568894e+002  1.132227388188e+002
 -1.518590777335e+002  1.134021020587e+002
 -1.520991985199e+002  1.135814652554e+002
 -1.523393192487e+002  1.137608284091e+002
 -1.525794399200e+002  1.139401915199e+002
 -1.528195605341e+002  1.141195545879e+002
 -1.530596810912e+002  1.142989176133e+002
 -1.532998015913e+002  1.144782805962e+002
 -1.535399220348e+002  1.146576435368e+002
 -1.537800424218e+002  1.148370064351e+002
 -1.540201627523e+002  1.150163692913e+002
 -1.542602830268e+002  1.151957321056e+002
 -1.545004032452e+002  1.153750948781e+002
 -1.547405234078e+002  1.155544576088e+002
 -1.549806435147e+002  1.157338202980e+002
 -1.552207635662e+002  1.159131829458e+002
 -1.554608835623e+002  1.160925455522e+002
 -1.557010035033e+002  1.162719081174e+002
 -1.559411233894e+002  1.164512706416e+002
 -1.561812432206e+002  1.166306331249e+002
 -1.564213629972e+002  1.168099955673e+002
 -1.566614827194e+002  1.169893579691e+002
 -1.569016023873e+002  1.171687203303e+002
 -1.571417220010e+002  1.173480826511e+002
 -1.573818415608e+002  1.175274449315e+002
 -1.576219610667e+002  1.177068071718e+002
 -1.578620805191e+002  1.178861693720e+002
 -1.581021999179e+002  1.180655315323e+002
 -1.583423192635e+002  1.182448936527e+002
 -1.585824385559e+002  1.184242557335e+002
 -1.588225577953e+002  1.186036177746e+002
 -1.590626769819e+002  1.187829797763e+002
 -1.593027961158e+002  1.189623417387e+002
 -1.595429151972e+002  1.191417036618e+002
 -1.597830342262e+002  1.193210655459e+002
 -1.600231532031e+002  1.195004273909e+002
 -1.602632721279e+002  1.196797891971e+002
 -1.605033910009e+002  1.198591509645e+002
 -1.607435098221e+002  1.200385126933e+002
 -1.609836285917e+002  1.202178743836e+002
 -1.612237473099e+002  1.203972360354e+002
 -1.614638659769e+002  1.205765976490e+002
 -1.617039845927e+002  1.207559592244e+002
 -1.619441031576e+002  1.209353207617e+002
 -1.621842216717e+002  1.211146822610e+002
 -1.624243401351e+002  1.212940437225e+002
 -1.626644585480e+002  1.214734051463e+002
 -1.629045769106e+002  1.216527665325e+002
 -1.631446952229e+002  1.218321278812e+002
 -1.633848134851e+002  1.220114891924e+002
 -1.636249316975e+002  1.221908504664e+002
 -1.638650498600e+002  1.223702117032e+002
 -1.641051679730e+002  1.225495729029e+002
 -1.643452860365e+002  1.227289340657e+002
 -1.645854040506e+002  1.229082951916e+002
 -1.648255220155e+002  1.230876562808e+002
 -1.650656399314e+002  1.232670173333e+002
 -1.653057577984e+002  1.234463783493e+002
 -1.655458756166e+002  1.236257393289e+002
 -1.657859933862e+002  1.238051002721e+002
 -1.660261111073e+002  1.239844611792e+002
 -1.662662287800e+002  1.241638220501e+002
 -1.665063464046e+002  1.243431828850e+002
 -1.667464639811e+002  1.245225436840e+002
 -1.669865815097e+002  1.247019044472e+002
 -1.672266989905e+002  1.248812651748e+002
 -1.674668164236e+002  1.250606258667e+002
 -1.677069338092e+002  1.252399865231e+002
 -1.679470511474e+002  1.254193471442e+002
 -1.681871684384e+002  1.255987077299e+002
 -1.684272856823e+002  1.257780682805e+002
 -1.686674028792e+002  1.259574287960e+002
 -1.689075200293e+002  1.261367892765e+002
 -1.691476371327e+002  1.263161497221e+002
 -1.693877541895e+002  1.264955101329e+002
 -1.696278711998e+002  1.266748705090e+002
 -1.698679881639e+002  1.268542308505e+002
 -1.701081050817e+002  1.270335911576e+002
 -1.703482219535e+002  1.272129514302e+002
 -1.705883387794e+002  1.273923116685e+002
 -1.708284555595e+002  1.275716718727e+002
 -1.710685722940e+002  1.277510320427e+002
 -1.713086889829e+002  1.279303921787e+002
 -1.715488056263e+002  1.281097522808e+002
 -1.717889222246e+002  1.282891123491e+002
 -1.720290387776e+002  1.284684723836e+002
 -1.722691552857e+002  1.286478323845e+002
 -1.725092717488e+002  1.288271923519e+002
 -1.727493881671e+002  1.290065522858e+002
 -1.729895045408e+002  1.291859121864e+002
 -1.732296208700e+002  1.293652720537e+002
 -1.734697371548e+002  1.295446318878e+002
 -1.737098533953e+002  1.297239916889e+002
 -1.739499695916e+002  1.299033514569e+002
 -1.741900857439e+002  1.300827111921e+002
 -1.744302018523e+002  1.302620708945e+002
 -1.746703179168e+002  1.304414305641e+002
 -1.749104339377e+002  1.306207902012e+002
 -1.751505499151e+002  1.308001498057e+002
 -1.753906658490e+002  1.309795093777e+002
 -1.756307817396e+002  1.311588689174e+002
 -1.758708975870e+002  1.313382284248e+002
 -1.761110133913e+002  1.315175879001e+002
 -1.763511291526e+002  1.316969473432e+002
 -1.765912448711e+002  1.318763067544e+002
 -1.768313605469e+002  1.320556661336e+002
 -1.770714761800e+002  1.322350254810e+002
 -1.773115917707e+002  1.324143847967e+002
 -1.775517073190e+002  1.325937440807e+002
 -1.777918228250e+002  1.327731033331e+002
 -1.780319382888e+002  1.329524625540e+002
 -1.782720537106e+002  1.331318217435e+002
 -1.785121690905e+002  1.333111809017e+002
 -1.787522844286e+002  1.334905400287e+002
 -1.789923997249e+002  1.336698991245e+002
 -1.792325149797e+002  1.338492581893e+002
 -1.794726301930e+002  1.340286172230e+002
 -1.797127453649e+002  1.342079762259e+002
 -1.799528604955e+002  1.343873351980e+002
 -1.801929755850e+002  1.345666941393e+002
 -1.804330906335e+002  1.347460530499e+002
 -1.806732056411e+002  1.349254119300e+002
 -1.809133206078e+002  1.351047707796e+002
 -1.811534355338e+002  1.352841295988e+002
 -1.813935504192e+002  1.354634883876e+002
 -1.816336652641e+002  1.356428471462e+002
 -1.818737800686e+002  1.358222058746e+002
 -1.821138948328e+002  1.360015645730e+002
 -1.823540095569e+002  1.361809232413e+002
 -1.825941242408e+002  1.363602818797e+002
 -1.828342388848e+002  1.365396404882e+002
 -1.830743534890e+002  1.367189990670e+002
 -1.833144680534e+002  1.368983576160e+002
 -1.835545825781e+002  1.370777161355e+002
 -1.837946970633e+002  1.372570746254e+002
 -1.840348115090e+002  1.374364330858e+002
 -1.842749259154e+002  1.376157915169e+002
 -1.845150402826e+002  1.377951499186e+002
 -1.847551546106e+002  1.379745082911e+002
 -1.849952688996e+002  1.381538666344e+002
 -1.852353831496e+002  1.383332249487e+002
 -1.854754973609e+002  1.385125832339e+002
 -1.857156115333e+002  1.386919414902e+002
 -1.859557256672e+002  1.388712997177e+002
 -1.861958397625e+002  1.390506579164e+002
 -1.864359538193e+002  1.392300160863e+002
 -1.866760678379e+002  1.394093742276e+002
 -1.869161818182e+002  1.395887323404e+002
 -1.871562957603e+002  1.397680904247e+002
 -1.873964096644e+002  1.399474484805e+002
 -1.876365235306e+002  1.401268065080e+002
 -1.878766373589e+002  1.403061645073e+002
 -1.881167511495e+002  1.404855224783e+002
 -1.883568649024e+002  1.406648804212e+002
 -1.885969786178e+002  1.408442383361e+002
 -1.888370922957e+002  1.410235962230e+002
 -1.890772059362e+002  1.412029540819e+002
 -1.893173195395e+002  1.413823119131e+002
 -1.895574331055e+002  1.415616697164e+002
 -1.897975466345e+002  1.417410274921e+002
 -1.900376601265e+002  1.419203852401e+002
 -1.902777735816e+002  1.420997429605e+002
 -1.905178869999e+002  1.422791006535e+002
 -1.907580003815e+002  1.424584583190e+002
 -1.909981137265e+002  1.426378159572e+002
 -1.912382270349e+002  1.428171735681e+002
 -1.914783403069e+002  1.429965311518e+002
 -1.917184535426e+002  1.431758887084e+002
 -1.919585667420e+002  1.433552462378e+002
 -1.921986799053e+002  1.435346037403e+002
 -1.924387930324e+002  1.437139612158e+002
 -1.926789061236e+002  1.438933186644e+002
 -1.929190191790e+002  1.440726760863e+002
 -1.931591321985e+002  1.442520334813e+002
 -1.933992451822e+002  1.444313908497e+002
 -1.936393581304e+002  1.446107481915e+002
 -1.938794710430e+002  1.447901055068e+002
 -1.941195839202e+002  1.449694627955e+002
 -1.943596967620e+002  1.451488200579e+002
 -1.945998095686e+002  1.453281772939e+002
 -1.948399223399e+002  1.455075345036e+002
 -1.950800350762e+002  1.456868916871e+002
 -1.953201477774e+002  1.458662488444e+002
 -1.955602604437e+002  1.460456059757e+002
 -1.958003730752e+002  1.462249630809e+002
 -1.960404856719e+002  1.464043201602e+002
 -1.962805982339e+002  1.465836772135e+002
 -1.965207107614e+002  1.467630342411e+002
 -1.967608232543e+002  1.469423912428e+002
 -1.970009357129e+002  1.471217482189e+002
 -1.972410481371e+002  1.473011051693e+002
 -1.974811605270e+002  1.474804620941e+002
 -1.977212728828e+002  1.476598189934e+002
 -1.979613852045e+002  1.478391758672e+002
 -1.982014974922e+002  1.480185327156e+002
 -1.984416097460e+002  1.481978895387e+002
 -1.986817219659e+002  1.483772463366e+002
 -1.989218341521e+002  1.485566031092e+002
 -1.991619463046e+002  1.487359598566e+002
 -1.994020584235e+002  1.489153165790e+002
 -1.996421705089e+002  1.490946732763e+002
 -1.998822825609e+002  1.492740299487e+002
 -2.001223945795e+002  1.494533865961e+002
 -2.003625065648e+002  1.496327432187e+002
 -2.006026185170e+002  1.498120998165e+002
 -2.008427304360e+002  1.499914563896e+002
 -2.010828423220e+002  1.501708129379e+002
 -2.013229541751e+002  1.503501694617e+002
 -2.015630659952e+002  1.505295259609e+002
 -2.018031777826e+002  1.507088824356e+002
 -2.020432895373e+002  1.508882388859e+002
 -2.022834012593e+002  1.510675953118e+002
 -2.025235129487e+002  1.512469517134e+002
 -2.027636246057e+002  1.514263080907e+002
 -2.030037362302e+002  1.516056644438e+002
 -2.032438478225e+002  1.517850207727e+002
 -2.034839593824e+002  1.519643770775e+002
 -2.037240709102e+002  1.521437333584e+002
 -2.039641824059e+002  1.523230896152e+002
 -2.042042938695e+002  1.525024458481e+002
 -2.044444053012e+002  1.526818020571e+002
 -2.046845167010e+002  1.528611582423e+002
 -2.049246280690e+002  1.530405144038e+002
 -2.051647394053e+002  1.532198705415e+002
 -2.054048507099e+002  1.533992266556e+002
 -2.056449619830e+002  1.535785827461e+002
 -2.058850732245e+002  1.537579388131e+002
 -2.061251844346e+002  1.539372948566e+002
 -2.063652956133e+002  1.541166508767e+002
 -2.066054067608e+002  1.542960068734e+002
 -2.068455178770e+002  1.544753628468e+002
 -2.070856289621e+002  1.546547187969e+002
 -2.073257400161e+002  1.548340747238e+002
 -2.075658510391e+002  1.550134306276e+002
 -2.078059620312e+002  1.551927865082e+002
 -2.080460729924e+002  1.553721423658e+002
 -2.082861839229e+002  1.555514982005e+002
 -2.085262948226e+002  1.557308540121e+002
 -2.087664056917e+002  1.559102098009e+002
 -2.090065165302e+002  1.560895655668e+002
 -2.092466273382e+002  1.562689213100e+002
 -2.094867381158e+002  1.564482770304e+002
 -2.097268488630e+002  1.566276327282e+002
 -2.099669595799e+002  1.568069884033e+002
 -2.102070702666e+002  1.569863440558e+002
 -2.104471809231e+002  1.571656996858e+002
 -2.106872915496e+002  1.573450552933e+002
 -2.109274021460e+002  1.575244108785e+002
 -2.111675127125e+002  1.577037664412e+002
 -2.114076232491e+002  1.578831219816e+002
 -2.116477337559e+002  1.580624774998e+002
 -2.118878442329e+002  1.582418329957e+002
 -2.121279546803e+002  1.584211884695e+002
 -2.123680650980e+002  1.586005439211e+002
 -2.126081754862e+002  1.587798993507e+002
 -2.128482858450e+002  1.589592547582e+002
 -2.130883961743e+002  1.591386101438e+002
 -2.133285064742e+002  1.593179655075e+002
 -2.135686167449e+002  1.594973208493e+002
 -2.138087269864e+002  1.596766761693e+002
 -2.140488371987e+002  1.598560314675e+002
 -2.142889473820e+002  1.600353867439e+002
 -2.145290575362e+002  1.602147419987e+002
 -2.147691676615e+002  1.603940972319e+002
 -2.150092777579e+002  1.605734524435e+002
 -2.152493878254e+002  1.607528076336e+002
 -2.154894978642e+002  1.609321628021e+002
 -2.157296078743e+002  1.611115179493e+002
 -2.159697178558e+002  1.612908730750e+002
 -2.162098278087e+002  1.614702281795e+002
 -2.164499377331e+002  1.616495832626e+002
 -2.166900476291e+002  1.618289383245e+002
 -2.169301574967e+002  1.620082933652e+002
 -2.171702673360e+002  1.621876483847e+002
 -2.174103771470e+002  1.623670033831e+002
 -2.176504869298e+002  1.625463583605e+002
 -2.178905966845e+002  1.627257133169e+002
 -2.181307064112e+002  1.629050682523e+002
 -2.183708161098e+002  1.630844231668e+002
 -2.186109257805e+002  1.632637780604e+002
 -2.188510354233e+002  1.634431329332e+002
 -2.190911450383e+002  1.636224877852e+002
 -2.193312546255e+002  1.638018426164e+002
 -2.195713641850e+002  1.639811974270e+002
 -2.198114737169e+002  1.641605522169e+002
 -2.200515832212e+002  1.643399069863e+002
 -2.202916926980e+002  1.645192617350e+002
 -2.205318021474e+002  1.646986164633e+002
 -2.207719115693e+002  1.648779711711e+002
 -2.210120209639e+002  1.650573258585e+002
 -2.212521303312e+002  1.652366805255e+002
 -2.214922396713e+002  1.654160351722e+002
 -2.217323489843e+002  1.655953897986e+002
 -2.219724582701e+002  1.657747444047e+002
 -2.222125675289e+002  1.659540989906e+002
 -2.224526767607e+002  1.661334535564e+002
