 -1.650922675953e-001 -1.582606300619e+001
 -1.650922675962e-001 -1.582606300619e+001
 -1.650922675979e-001 -1.582606300619e+001
 -1.650922676005e-001 -1.582606300619e+001
 -1.650922676040e-001 -1.582606300619e+001
 -1.650922676084e-001 -1.582606300618e+001
 -1.650922676136e-001 -1.582606300618e+001
 -1.650922676197e-001 -1.582606300618e+001
 -1.650922676266e-001 -1.582606300617e+001
 -1.650922676344e-001 -1.582606300616e+001
 -1.650922676431e-001 -1.582606300616e+001
 -1.650922676527e-001 -1.582606300615e+001
 -1.650922676631e-001 -1.582606300614e+001
 -1.650922676744e-001 -1.582606300613e+001
 -1.650922676865e-001 -1.582606300613e+001
 -1.650922676996e-001 -1.582606300612e+001
 -1.650922677135e-001 -1.582606300611e+001
 -1.650922677282e-001 -1.582606300609e+001
 -1.650922677439e-001 -1.582606300608e+001
 -1.650922677604e-001 -1.582606300607e+001
 -1.650922677777e-001 -1.582606300606e+001
 -1.650922677960e-001 -1.582606300604e+001
 -1.650922678151e-001 -1.582606300603e+001
 -1.650922678350e-001 -1.582606300601e+001
 -1.650922678559e-001 -1.582606300600e+001
 -1.650922678776e-001 -1.582606300598e+001
 -1.650922679002e-001 -1.582606300597e+001
 -1.650922679236e-001 -1.582606300595e+001
 -1.650922679480e-001 -1.582606300593e+001
 -1.650922679731e-001 -1.582606300591e+001
 -1.650922679992e-001 -1.582606300589e+001
 -1.650922680261e-001 -1.582606300587e+001
 -1.650922680539e-001 -1.582606300585e+001
 -1.650922680826e-001 -1.582606300583e+001
 -1.650922681121e-001 -1.582606300581e+001
 -1.650922681425e-001 -1.582606300579e+001
 -1.650922681738e-001 -1.582606300576e+001
 -1.650922682059e-001 -1.582606300574e+001
 -1.650922682389e-001 -1.582606300571e+001
 -1.650922682728e-001 -1.582606300569e+001
 -1.650922683075e-001 -1.582606300566e+001
 -1.650922683431e-001 -1.582606300564e+001
 -1.650922683796e-001 -1.582606300561e+001
 -1.650922684170e-001 -1.582606300558e+001
 -1.650922684552e-001 -1.582606300555e+001
 -1.650922684943e-001 -1.582606300552e+001
 -1.650922685342e-001 -1.582606300549e+001
 -1.650922685750e-001 -1.582606300546e+001
 -1.650922686167e-001 -1.582606300543e+001
 -1.650922686593e-001 -1.582606300540e+001
 -1.650922687027e-001 -1.582606300537e+001
 -1.650922687470e-001 -1.582606300533e+001
 -1.650922687922e-001 -1.582606300530e+001
 -1.650922688382e-001 -1.582606300527e+001
 -1.650922688851e-001 -1.582606300523e+001
 -1.650922689329e-001 -1.582606300519e+001
 -1.650922689815e-001 -1.582606300516e+001
 -1.650922690310e-001 -1.582606300512e+001
 -1.650922690814e-001 -1.582606300508e+001
 -1.650922691326e-001 -1.582606300505e+001
 -1.650922691848e-001 -1.582606300501e+001
 -1.650922692377e-001 -1.582606300497e+001
 -1.650922692916e-001 -1.582606300493e+001
 -1.650922693463e-001 -1.582606300489e+001
 -1.650922694019e-001 -1.582606300484e+001
 -1.650922694583e-001 -1.582606300480e+001
 -1.650922695157e-001 -1.582606300476e+001
 -1.650922695739e-001 -1.582606300472e+001
 -1.650922696329e-001 -1.582606300467e+001
 -1.650922696928e-001 -1.582606300463e+001
 -1.650922697536e-001 -1.582606300458e+001
 -1.650922698153e-001 -1.582606300454e+001
 -1.650922698778e-001 -1.582606300449e+001
 -1.650922699412e-001 -1.582606300444e+001
 -1.650922700055e-001 -1.582606300439e+001
 -1.650922700707e-001 -1.582606300434e+001
 -1.650922701367e-001 -1.582606300430e+001
 -1.650922702035e-001 -1.582606300425e+001
 -1.650922702713e-001 -1.582606300420e+001
 -1.650922703399e-001 -1.582606300414e+001
 -1.650922704094e-001 -1.582606300409e+001
 -1.650922704797e-001 -1.582606300404e+001
 -1.650922705510e-001 -1.582606300399e+001
 -1.650922706230e-001 -1.582606300393e+001
 -1.650922706960e-001 -1.582606300388e+001
 -1.650922707698e-001 -1.582606300382e+001
 -1.650922708445e-001 -1.582606300377e+001
 -1.650922709201e-001 -1.582606300371e+001
 -1.650922709965e-001 -1.582606300365e+001
 -1.650922710738e-001 -1.582606300360e+001
 -1.650922711520e-001 -1.582606300354e+001
 -1.650922712310e-001 -1.582606300348e+001
 -1.650922713109e-001 -1.582606300342e+001
 -1.650922713917e-001 -1.582606300336e+001
 -1.650922714733e-001 -1.582606300330e+001
 -1.650922715559e-001 -1.582606300324e+001
 -1.650922716392e-001 -1.582606300317e+001
 -1.650922717235e-001 -1.582606300311e+001
 -1.650922718086e-001 -1.582606300305e+001
 -1.650922718946e-001 -1.582606300298e+001
 -1.650922719814e-001 -1.582606300292e+001
 -1.650922720692e-001 -1.582606300285e+001
 -1.650922721577e-001 -1.582606300279e+001
 -1.650922722472e-001 -1.582606300272e+001
 -1.650922723375e-001 -1.582606300265e+001
 -1.650922724287e-001 -1.582606300258e+001
 -1.650922725208e-001 -1.582606300251e+001
 -1.650922726137e-001 -1.582606300245e+001
 -1.650922727075e-001 -1.582606300238e+001
 -1.650922728022e-001 -1.582606300230e+001
 -1.650922728977e-001 -1.582606300223e+001
 -1.650922729941e-001 -1.582606300216e+001
 -1.650922730914e-001 -1.582606300209e+001
 -1.650922731896e-001 -1.582606300202e+001
 -1.650922732886e-001 -1.582606300194e+001
 -1.650922733885e-001 -1.582606300187e+001
 -1.650922734892e-001 -1.582606300179e+001
 -1.650922735908e-001 -1.582606300172e+001
 -1.650922736933e-001 -1.582606300164e+001
 -1.650922737967e-001 -1.582606300156e+001
 -1.650922739009e-001 -1.582606300148e+001
 -1.650922740060e-001 -1.582606300141e+001
 -1.650922741120e-001 -1.582606300133e+001
 -1.650922742188e-001 -1.582606300125e+001
 -1.650922743265e-001 -1.582606300117e+001
 -1.650922744350e-001 -1.582606300108e+001
 -1.650922745445e-001 -1.582606300100e+001
 -1.650922746548e-001 -1.582606300092e+001
 -1.650922747660e-001 -1.582606300084e+001
 -1.650922748780e-001 -1.582606300075e+001
 -1.650922749909e-001 -1.582606300067e+001
 -1.650922751047e-001 -1.582606300058e+001
 -1.650922752193e-001 -1.582606300050e+001
 -1.650922753348e-001 -1.582606300041e+001
 -1.650922754512e-001 -1.582606300033e+001
 -1.650922755685e-001 -1.582606300024e+001
 -1.650922756866e-001 -1.582606300015e+001
 -1.650922758056e-001 -1.582606300006e+001
 -1.650922759255e-001 -1.582606299997e+001
 -1.650922760462e-001 -1.582606299988e+001
 -1.650922761678e-001 -1.582606299979e+001
 -1.650922762902e-001 -1.582606299970e+001
 -1.650922764136e-001 -1.582606299961e+001
 -1.650922765378e-001 -1.582606299951e+001
 -1.650922766628e-001 -1.582606299942e+001
 -1.650922767888e-001 -1.582606299933e+001
 -1.650922769156e-001 -1.582606299923e+001
 -1.650922770433e-001 -1.582606299914e+001
 -1.650922771718e-001 -1.582606299904e+001
 -1.650922773012e-001 -1.582606299894e+001
 -1.650922774315e-001 -1.582606299885e+001
 -1.650922775626e-001 -1.582606299875e+001
 -1.650922776947e-001 -1.582606299865e+001
 -1.650922778275e-001 -1.582606299855e+001
 -1.650922779613e-001 -1.582606299845e+001
 -1.650922780959e-001 -1.582606299835e+001
 -1.650922782314e-001 -1.582606299825e+001
 -1.650922783678e-001 -1.582606299815e+001
 -1.650922785050e-001 -1.582606299804e+001
 -1.650922786431e-001 -1.582606299794e+001
 -1.650922787821e-001 -1.582606299784e+001
 -1.650922789219e-001 -1.582606299773e+001
 -1.650922790626e-001 -1.582606299763e+001
 -1.650922792042e-001 -1.582606299752e+001
 -1.650922793466e-001 -1.582606299742e+001
 -1.650922794899e-001 -1.582606299731e+001
 -1.650922796341e-001 -1.582606299720e+001
 -1.650922797791e-001 -1.582606299709e+001
 -1.650922799251e-001 -1.582606299698e+001
 -1.650922800718e-001 -1.582606299687e+001
 -1.650922802195e-001 -1.582606299676e+001
 -1.650922803680e-001 -1.582606299665e+001
 -1.650922805174e-001 -1.582606299654e+001
 -1.650922806677e-001 -1.582606299643e+001
 -1.650922808188e-001 -1.582606299632e+001
 -1.650922809708e-001 -1.582606299620e+001
 -1.650922811236e-001 -1.582606299609e+001
 -1.650922812774e-001 -1.582606299597e+001
 -1.650922814320e-001 -1.582606299586e+001
 -1.650922815874e-001 -1.582606299574e+001
 -1.650922817438e-001 -1.582606299563e+001
 -1.650922819010e-001 -1.582606299551e+001
 -1.650922820590e-001 -1.582606299539e+001
 -1.650922822180e-001 -1.582606299527e+001
 -1.650922823778e-001 -1.582606299515e+001
 -1.650922825385e-001 -1.582606299503e+001
 -1.650922827000e-001 -1.582606299491e+001
 -1.650922828624e-001 -1.582606299479e+001
 -1.650922830257e-001 -1.582606299467e+001
 -1.650922831899e-001 -1.582606299455e+001
 -1.650922833549e-001 -1.582606299442e+001
 -1.650922835208e-001 -1.582606299430e+001
 -1.650922836875e-001 -1.582606299417e+001
 -1.650922838552e-001 -1.582606299405e+001
 -1.650922840237e-001 -1.582606299392e+001
 -1.650922841930e-001 -1.582606299380e+001
 -1.650922843633e-001 -1.582606299367e+001
 -1.650922845344e-001 -1.582606299354e+001
 -1.650922847063e-001 -1.582606299341e+001
 -1.650922848792e-001 -1.582606299328e+001
 -1.650922850529e-001 -1.582606299315e+001
 -1.650922852275e-001 -1.582606299302e+001
 -1.650922854029e-001 -1.582606299289e+001
 -1.650922855792e-001 -1.582606299276e+001
 -1.650922857564e-001 -1.582606299263e+001
 -1.650922859344e-001 -1.582606299250e+001
 -1.650922861134e-001 -1.582606299236e+001
 -1.650922862932e-001 -1.582606299223e+001
 -1.650922864738e-001 -1.582606299209e+001
 -1.650922866553e-001 -1.582606299196e+001
 -1.650922868377e-001 -1.582606299182e+001
 -1.650922870210e-001 -1.582606299168e+001
 -1.650922872051e-001 -1.582606299155e+001
 -1.650922873901e-001 -1.582606299141e+001
 -1.650922875760e-001 -1.582606299127e+001
 -1.650922877627e-001 -1.582606299113e+001
 -1.650922879503e-001 -1.582606299099e+001
 -1.650922881388e-001 -1.582606299085e+001
 -1.650922883281e-001 -1.582606299071e+001
 -1.650922885183e-001 -1.582606299057e+001
 -1.650922887094e-001 -1.582606299042e+001
 -1.650922889014e-001 -1.582606299028e+001
 -1.650922890942e-001 -1.582606299013e+001
 -1.650922892879e-001 -1.582606298999e+001
 -1.650922894824e-001 -1.582606298984e+001
 -1.650922896778e-001 -1.582606298970e+001
 -1.650922898741e-001 -1.582606298955e+001
 -1.650922900713e-001 -1.582606298941e+001
 -1.650922902693e-001 -1.582606298926e+001
 -1.650922904682e-001 -1.582606298911e+001
 -1.650922906680e-001 -1.582606298896e+001
 -1.650922908686e-001 -1.582606298881e+001
 -1.650922910701e-001 -1.582606298866e+001
 -1.650922912725e-001 -1.582606298851e+001
 -1.650922914757e-001 -1.582606298836e+001
 -1.650922916798e-001 -1.582606298820e+001
 -1.650922918848e-001 -1.582606298805e+001
 -1.650922920906e-001 -1.582606298790e+001
 -1.650922922973e-001 -1.582606298774e+001
 -1.650922925049e-001 -1.582606298759e+001
 -1.650922927134e-001 -1.582606298743e+001
 -1.650922929227e-001 -1.582606298728e+001
 -1.650922931329e-001 -1.582606298712e+001
 -1.650922933439e-001 -1.582606298696e+001
 -1.650922935558e-001 -1.582606298680e+001
 -1.650922937686e-001 -1.582606298664e+001
 -1.650922939823e-001 -1.582606298648e+001
 -1.650922941968e-001 -1.582606298632e+001
 -1.650922944122e-001 -1.582606298616e+001
 -1.650922946285e-001 -1.582606298600e+001
 -1.650922948456e-001 -1.582606298584e+001
 -1.650922950636e-001 -1.582606298568e+001
 -1.650922952825e-001 -1.582606298551e+001
 -1.650922955022e-001 -1.582606298535e+001
 -1.650922957228e-001 -1.582606298518e+001
 -1.650922959443e-001 -1.582606298502e+001
 -1.650922961667e-001 -1.582606298485e+001
 -1.650922963899e-001 -1.582606298469e+001
 -1.650922966140e-001 -1.582606298452e+001
 -1.650922968389e-001 -1.582606298435e+001
 -1.650922970647e-001 -1.582606298418e+001
 -1.650922972914e-001 -1.582606298401e+001
 -1.650922975190e-001 -1.582606298384e+001
 -1.650922977474e-001 -1.582606298367e+001
 -1.650922979767e-001 -1.582606298350e+001
 -1.650922982068e-001 -1.582606298333e+001
 -1.650922984379e-001 -1.582606298316e+001
 -1.650922986698e-001 -1.582606298298e+001
 -1.650922989025e-001 -1.582606298281e+001
 -1.650922991362e-001 -1.582606298263e+001
 -1.650922993707e-001 -1.582606298246e+001
 -1.650922996061e-001 -1.582606298228e+001
 -1.650922998423e-001 -1.582606298211e+001
 -1.650923000794e-001 -1.582606298193e+001
 -1.650923003174e-001 -1.582606298175e+001
 -1.650923005562e-001 -1.582606298157e+001
 -1.650923007959e-001 -1.582606298139e+001
 -1.650923010365e-001 -1.582606298121e+001
 -1.650923012780e-001 -1.582606298103e+001
 -1.650923015203e-001 -1.582606298085e+001
 -1.650923017635e-001 -1.582606298067e+001
 -1.650923020076e-001 -1.582606298049e+001
 -1.650923022525e-001 -1.582606298031e+001
 -1.650923024983e-001 -1.582606298012e+001
 -1.650923027449e-001 -1.582606297994e+001
 -1.650923029925e-001 -1.582606297975e+001
 -1.650923032409e-001 -1.582606297957e+001
 -1.650923034901e-001 -1.582606297938e+001
 -1.650923037403e-001 -1.582606297919e+001
 -1.650923039913e-001 -1.582606297901e+001
 -1.650923042432e-001 -1.582606297882e+001
 -1.650923044959e-001 -1.582606297863e+001
 -1.650923047495e-001 -1.582606297844e+001
 -1.650923050040e-001 -1.582606297825e+001
 -1.650923052593e-001 -1.582606297806e+001
 -1.650923055156e-001 -1.582606297787e+001
 -1.650923057727e-001 -1.582606297768e+001
 -1.650923060306e-001 -1.582606297748e+001
 -1.650923062894e-001 -1.582606297729e+001
 -1.650923065491e-001 -1.582606297710e+001
 -1.650923068097e-001 -1.582606297690e+001
 -1.650923070711e-001 -1.582606297671e+001
 -1.650923073334e-001 -1.582606297651e+001
 -1.650923075966e-001 -1.582606297631e+001
 -1.650923078606e-001 -1.582606297612e+001
 -1.650923081255e-001 -1.582606297592e+001
 -1.650923083913e-001 -1.582606297572e+001
 -1.650923086579e-001 -1.582606297552e+001
 -1.650923089254e-001 -1.582606297532e+001
 -1.650923091938e-001 -1.582606297512e+001
 -1.650923094631e-001 -1.582606297492e+001
 -1.650923097332e-001 -1.582606297472e+001
 -1.650923100042e-001 -1.582606297452e+001
 -1.650923102760e-001 -1.582606297431e+001
 -1.650923105487e-001 -1.582606297411e+001
 -1.650923108223e-001 -1.582606297390e+001
 -1.650923110968e-001 -1.582606297370e+001
 -1.650923113721e-001 -1.582606297349e+001
 -1.650923116483e-001 -1.582606297329e+001
 -1.650923119254e-001 -1.582606297308e+001
 -1.650923122033e-001 -1.582606297287e+001
 -1.650923124821e-001 -1.582606297266e+001
 -1.650923127618e-001 -1.582606297246e+001
 -1.650923130423e-001 -1.582606297225e+001
 -1.650923133237e-001 -1.582606297204e+001
 -1.650923136060e-001 -1.582606297183e+001
 -1.650923138891e-001 -1.582606297161e+001
 -1.650923141731e-001 -1.582606297140e+001
 -1.650923144580e-001 -1.582606297119e+001
 -1.650923147438e-001 -1.582606297098e+001
 -1.650923150304e-001 -1.582606297076e+001
 -1.650923153179e-001 -1.582606297055e+001
 -1.650923156062e-001 -1.582606297033e+001
 -1.650923158954e-001 -1.582606297012e+001
 -1.650923161855e-001 -1.582606296990e+001
 -1.650923164765e-001 -1.582606296968e+001
 -1.650923167683e-001 -1.582606296946e+001
 -1.650923170610e-001 -1.582606296924e+001
 -1.650923173546e-001 -1.582606296903e+001
 -1.650923176490e-001 -1.582606296881e+001
 -1.650923179443e-001 -1.582606296858e+001
 -1.650923182405e-001 -1.582606296836e+001
 -1.650923185375e-001 -1.582606296814e+001
 -1.650923188354e-001 -1.582606296792e+001
 -1.650923191342e-001 -1.582606296770e+001
 -1.650923194338e-001 -1.582606296747e+001
 -1.650923197344e-001 -1.582606296725e+001
 -1.650923200357e-001 -1.582606296702e+001
 -1.650923203380e-001 -1.582606296680e+001
 -1.650923206411e-001 -1.582606296657e+001
 -1.650923209451e-001 -1.582606296634e+001
 -1.650923212499e-001 -1.582606296612e+001
 -1.650923215557e-001 -1.582606296589e+001
 -1.650923218623e-001 -1.582606296566e+001
 -1.650923221697e-001 -1.582606296543e+001
 -1.650923224781e-001 -1.582606296520e+001
 -1.650923227873e-001 -1.582606296497e+001
 -1.650923230973e-001 -1.582606296474e+001
 -1.650923234083e-001 -1.582606296450e+001
 -1.650923237201e-001 -1.582606296427e+001
 -1.650923240327e-001 -1.582606296404e+001
 -1.650923243463e-001 -1.582606296380e+001
 -1.650923246607e-001 -1.582606296357e+001
 -1.650923249760e-001 -1.582606296333e+001
 -1.650923252921e-001 -1.582606296310e+001
 -1.650923256091e-001 -1.582606296286e+001
 -1.650923259270e-001 -1.582606296262e+001
 -1.650923262458e-001 -1.582606296238e+001
 -1.650923265654e-001 -1.582606296215e+001
 -1.650923268859e-001 -1.582606296191e+001
 -1.650923272072e-001 -1.582606296167e+001
 -1.650923275295e-001 -1.582606296142e+001
 -1.650923278525e-001 -1.582606296118e+001
 -1.650923281765e-001 -1.582606296094e+001
 -1.650923285013e-001 -1.582606296070e+001
 -1.650923288270e-001 -1.582606296046e+001
 -1.650923291536e-001 -1.582606296021e+001
 -1.650923294811e-001 -1.582606295997e+001
 -1.650923298094e-001 -1.582606295972e+001
 -1.650923301385e-001 -1.582606295948e+001
 -1.650923304686e-001 -1.582606295923e+001
 -1.650923307995e-001 -1.582606295898e+001
 -1.650923311313e-001 -1.582606295873e+001
 -1.650923314639e-001 -1.582606295849e+001
 -1.650923317974e-001 -1.582606295824e+001
 -1.650923321318e-001 -1.582606295799e+001
 -1.650923324671e-001 -1.582606295774e+001
 -1.650923328032e-001 -1.582606295749e+001
 -1.650923331402e-001 -1.582606295723e+001
 -1.650923334780e-001 -1.582606295698e+001
 -1.650923338168e-001 -1.582606295673e+001
 -1.650923341564e-001 -1.582606295647e+001
 -1.650923344968e-001 -1.582606295622e+001
 -1.650923348382e-001 -1.582606295597e+001
 -1.650923351804e-001 -1.582606295571e+001
 -1.650923355234e-001 -1.582606295545e+001
 -1.650923358674e-001 -1.582606295520e+001
 -1.650923362122e-001 -1.582606295494e+001
 -1.650923365579e-001 -1.582606295468e+001
 -1.650923369044e-001 -1.582606295442e+001
 -1.650923372518e-001 -1.582606295416e+001
 -1.650923376001e-001 -1.582606295390e+001
 -1.650923379493e-001 -1.582606295364e+001
 -1.650923382993e-001 -1.582606295338e+001
 -1.650923386502e-001 -1.582606295312e+001
 -1.650923390019e-001 -1.582606295286e+001
 -1.650923393546e-001 -1.582606295259e+001
 -1.650923397080e-001 -1.582606295233e+001
 -1.650923400624e-001 -1.582606295206e+001
 -1.650923404176e-001 -1.582606295180e+001
 -1.650923407737e-001 -1.582606295153e+001
 -1.650923411307e-001 -1.582606295127e+001
 -1.650923414885e-001 -1.582606295100e+001
 -1.650923418473e-001 -1.582606295073e+001
 -1.650923422068e-001 -1.582606295046e+001
 -1.650923425673e-001 -1.582606295019e+001
 -1.650923429286e-001 -1.582606294992e+001
 -1.650923432908e-001 -1.582606294965e+001
 -1.650923436538e-001 -1.582606294938e+001
 -1.650923440177e-001 -1.582606294911e+001
 -1.650923443825e-001 -1.582606294884e+001
 -1.650923447482e-001 -1.582606294856e+001
 -1.650923451147e-001 -1.582606294829e+001
 -1.650923454821e-001 -1.582606294801e+001
 -1.650923458503e-001 -1.582606294774e+001
 -1.650923462195e-001 -1.582606294746e+001
 -1.650923465895e-001 -1.582606294719e+001
 -1.650923469603e-001 -1.582606294691e+001
 -1.650923473320e-001 -1.582606294663e+001
 -1.650923477047e-001 -1.582606294635e+001
 -1.650923480781e-001 -1.582606294608e+001
 -1.650923484525e-001 -1.582606294580e+001
 -1.650923488277e-001 -1.582606294552e+001
 -1.650923492037e-001 -1.582606294523e+001
 -1.650923495807e-001 -1.582606294495e+001
 -1.650923499585e-001 -1.582606294467e+001
 -1.650923503372e-001 -1.582606294439e+001
 -1.650923507167e-001 -1.582606294410e+001
 -1.650923510971e-001 -1.582606294382e+001
 -1.650923514784e-001 -1.582606294354e+001
 -1.650923518606e-001 -1.582606294325e+001
 -1.650923522436e-001 -1.582606294296e+001
 -1.650923526275e-001 -1.582606294268e+001
 -1.650923530123e-001 -1.582606294239e+001
 -1.650923533979e-001 -1.582606294210e+001
 -1.650923537844e-001 -1.582606294181e+001
 -1.650923541718e-001 -1.582606294152e+001
 -1.650923545600e-001 -1.582606294123e+001
 -1.650923549491e-001 -1.582606294094e+001
 -1.650923553391e-001 -1.582606294065e+001
 -1.650923557299e-001 -1.582606294036e+001
 -1.650923561216e-001 -1.582606294007e+001
 -1.650923565142e-001 -1.582606293977e+001
 -1.650923569076e-001 -1.582606293948e+001
 -1.650923573020e-001 -1.582606293919e+001
 -1.650923576971e-001 -1.582606293889e+001
 -1.650923580932e-001 -1.582606293859e+001
 -1.650923584901e-001 -1.582606293830e+001
 -1.650923588879e-001 -1.582606293800e+001
 -1.650923592866e-001 -1.582606293770e+001
 -1.650923596861e-001 -1.582606293740e+001
 -1.650923600865e-001 -1.582606293711e+001
 -1.650923604877e-001 -1.582606293681e+001
 -1.650923608899e-001 -1.582606293651e+001
 -1.650923612929e-001 -1.582606293620e+001
 -1.650923616967e-001 -1.582606293590e+001
 -1.650923621015e-001 -1.582606293560e+001
 -1.650923625071e-001 -1.582606293530e+001
 -1.650923629136e-001 -1.582606293499e+001
 -1.650923633209e-001 -1.582606293469e+001
 -1.650923637291e-001 -1.582606293438e+001
 -1.650923641382e-001 -1.582606293408e+001
 -1.650923645481e-001 -1.582606293377e+001
 -1.650923649590e-001 -1.582606293347e+001
 -1.650923653707e-001 -1.582606293316e+001
 -1.650923657832e-001 -1.582606293285e+001
 -1.650923661966e-001 -1.582606293254e+001
 -1.650923666109e-001 -1.582606293223e+001
 -1.650923670261e-001 -1.582606293192e+001
 -1.650923674421e-001 -1.582606293161e+001
 -1.650923678590e-001 -1.582606293130e+001
 -1.650923682768e-001 -1.582606293099e+001
 -1.650923686954e-001 -1.582606293068e+001
 -1.650923691149e-001 -1.582606293036e+001
 -1.650923695353e-001 -1.582606293005e+001
 -1.650923699565e-001 -1.582606292973e+001
 -1.650923703786e-001 -1.582606292942e+001
 -1.650923708016e-001 -1.582606292910e+001
 -1.650923712254e-001 -1.582606292879e+001
 -1.650923716502e-001 -1.582606292847e+001
 -1.650923720757e-001 -1.582606292815e+001
 -1.650923725022e-001 -1.582606292783e+001
 -1.650923729295e-001 -1.582606292751e+001
 -1.650923733577e-001 -1.582606292719e+001
 -1.650923737868e-001 -1.582606292687e+001
 -1.650923742167e-001 -1.582606292655e+001
 -1.650923746475e-001 -1.582606292623e+001
 -1.650923750791e-001 -1.582606292591e+001
 -1.650923755117e-001 -1.582606292558e+001
 -1.650923759451e-001 -1.582606292526e+001
 -1.650923763793e-001 -1.582606292494e+001
 -1.650923768145e-001 -1.582606292461e+001
 -1.650923772505e-001 -1.582606292428e+001
 -1.650923776873e-001 -1.582606292396e+001
 -1.650923781251e-001 -1.582606292363e+001
 -1.650923785637e-001 -1.582606292330e+001
 -1.650923790032e-001 -1.582606292298e+001
 -1.650923794435e-001 -1.582606292265e+001
 -1.650923798847e-001 -1.582606292232e+001
 -1.650923803268e-001 -1.582606292199e+001
 -1.650923807698e-001 -1.582606292166e+001
 -1.650923812136e-001 -1.582606292132e+001
 -1.650923816583e-001 -1.582606292099e+001
 -1.650923821038e-001 -1.582606292066e+001
 -1.650923825503e-001 -1.582606292033e+001
 -1.650923829976e-001 -1.582606291999e+001
 -1.650923834457e-001 -1.582606291966e+001
 -1.650923838948e-001 -1.582606291932e+001
 -1.650923843447e-001 -1.582606291899e+001
 -1.650923847954e-001 -1.582606291865e+001
 -1.650923852471e-001 -1.582606291831e+001
 -1.650923856996e-001 -1.582606291797e+001
 -1.650923861530e-001 -1.582606291763e+001
 -1.650923866072e-001 -1.582606291730e+001
 -1.650923870623e-001 -1.582606291696e+001
 -1.650923875183e-001 -1.582606291661e+001
 -1.650923879751e-001 -1.582606291627e+001
 -1.650923884329e-001 -1.582606291593e+001
 -1.650923888914e-001 -1.582606291559e+001
 -1.650923893509e-001 -1.582606291525e+001
 -1.650923898112e-001 -1.582606291490e+001
 -1.650923902724e-001 -1.582606291456e+001
 -1.650923907345e-001 -1.582606291421e+001
 -1.650923911974e-001 -1.582606291387e+001
 -1.650923916612e-001 -1.582606291352e+001
 -1.650923921259e-001 -1.582606291317e+001
 -1.650923925914e-001 -1.582606291283e+001
 -1.650923930578e-001 -1.582606291248e+001
 -1.650923935251e-001 -1.582606291213e+001
 -1.650923939932e-001 -1.582606291178e+001
 -1.650923944622e-001 -1.582606291143e+001
 -1.650923949321e-001 -1.582606291108e+001
 -1.650923954029e-001 -1.582606291073e+001
 -1.650923958745e-001 -1.582606291037e+001
 -1.650923963469e-001 -1.582606291002e+001
 -1.650923968203e-001 -1.582606290967e+001
 -1.650923972945e-001 -1.582606290931e+001
 -1.650923977696e-001 -1.582606290896e+001
 -1.650923982456e-001 -1.582606290860e+001
 -1.650923987224e-001 -1.582606290825e+001
 -1.650923992001e-001 -1.582606290789e+001
 -1.650923996786e-001 -1.582606290753e+001
 -1.650924001581e-001 -1.582606290717e+001
 -1.650924006384e-001 -1.582606290681e+001
 -1.650924011195e-001 -1.582606290646e+001
 -1.650924016016e-001 -1.582606290610e+001
 -1.650924020845e-001 -1.582606290573e+001
 -1.650924025683e-001 -1.582606290537e+001
 -1.650924030529e-001 -1.582606290501e+001
 -1.650924035384e-001 -1.582606290465e+001
 -1.650924040248e-001 -1.582606290429e+001
 -1.650924045120e-001 -1.582606290392e+001
 -1.650924050002e-001 -1.582606290356e+001
 -1.650924054891e-001 -1.582606290319e+001
 -1.650924059790e-001 -1.582606290283e+001
 -1.650924064697e-001 -1.582606290246e+001
 -1.650924069613e-001 -1.582606290209e+001
 -1.650924074538e-001 -1.582606290172e+001
 -1.650924079471e-001 -1.582606290136e+001
 -1.650924084413e-001 -1.582606290099e+001
 -1.650924089364e-001 -1.582606290062e+001
 -1.650924094323e-001 -1.582606290025e+001
 -1.650924099291e-001 -1.582606289987e+001
 -1.650924104268e-001 -1.582606289950e+001
 -1.650924109253e-001 -1.582606289913e+001
 -1.650924114247e-001 -1.582606289876e+001
 -1.650924119250e-001 -1.582606289838e+001
 -1.650924124261e-001 -1.582606289801e+001
 -1.650924129281e-001 -1.582606289763e+001
 -1.650924134310e-001 -1.582606289726e+001
 -1.650924139348e-001 -1.582606289688e+001
 -1.650924144394e-001 -1.582606289651e+001
 -1.650924149449e-001 -1.582606289613e+001
 -1.650924154512e-001 -1.582606289575e+001
 -1.650924159585e-001 -1.582606289537e+001
 -1.650924164666e-001 -1.582606289499e+001
 -1.650924169755e-001 -1.582606289461e+001
 -1.650924174854e-001 -1.582606289423e+001
 -1.650924179961e-001 -1.582606289385e+001
 -1.650924185076e-001 -1.582606289347e+001
 -1.650924190201e-001 -1.582606289308e+001
 -1.650924195334e-001 -1.582606289270e+001
 -1.650924200475e-001 -1.582606289232e+001
 -1.650924205626e-001 -1.582606289193e+001
 -1.650924210785e-001 -1.582606289155e+001
 -1.650924215953e-001 -1.582606289116e+001
 -1.650924221129e-001 -1.582606289077e+001
 -1.650924226314e-001 -1.582606289039e+001
 -1.650924231508e-001 -1.582606289000e+001
 -1.650924236711e-001 -1.582606288961e+001
 -1.650924241922e-001 -1.582606288922e+001
 -1.650924247142e-001 -1.582606288883e+001
 -1.650924252370e-001 -1.582606288844e+001
 -1.650924257608e-001 -1.582606288805e+001
 -1.650924262853e-001 -1.582606288766e+001
 -1.650924268108e-001 -1.582606288726e+001
 -1.650924273371e-001 -1.582606288687e+001
 -1.650924278643e-001 -1.582606288648e+001
 -1.650924283924e-001 -1.582606288608e+001
 -1.650924289214e-001 -1.582606288569e+001
 -1.650924294512e-001 -1.582606288529e+001
 -1.650924299818e-001 -1.582606288490e+001
 -1.650924305134e-001 -1.582606288450e+001
 -1.650924310458e-001 -1.582606288410e+001
 -1.650924315791e-001 -1.582606288370e+001
 -1.650924321132e-001 -1.582606288330e+001
 -1.650924326482e-001 -1.582606288290e+001
 -1.650924331841e-001 -1.582606288250e+001
 -1.650924337209e-001 -1.582606288210e+001
 -1.650924342585e-001 -1.582606288170e+001
 -1.650924347970e-001 -1.582606288130e+001
 -1.650924353364e-001 -1.582606288090e+001
 -1.650924358766e-001 -1.582606288049e+001
 -1.650924364177e-001 -1.582606288009e+001
 -1.650924369596e-001 -1.582606287968e+001
 -1.650924375025e-001 -1.582606287928e+001
 -1.650924380462e-001 -1.582606287887e+001
 -1.650924385908e-001 -1.582606287847e+001
 -1.650924391362e-001 -1.582606287806e+001
 -1.650924396825e-001 -1.582606287765e+001
 -1.650924402297e-001 -1.582606287724e+001
 -1.650924407777e-001 -1.582606287683e+001
 -1.650924413266e-001 -1.582606287642e+001
 -1.650924418764e-001 -1.582606287601e+001
 -1.650924424271e-001 -1.582606287560e+001
 -1.650924429786e-001 -1.582606287519e+001
 -1.650924435310e-001 -1.582606287478e+001
 -1.650924440842e-001 -1.582606287436e+001
 -1.650924446384e-001 -1.582606287395e+001
 -1.650924451934e-001 -1.582606287353e+001
 -1.650924457492e-001 -1.582606287312e+001
 -1.650924463059e-001 -1.582606287270e+001
 -1.650924468635e-001 -1.582606287229e+001
 -1.650924474220e-001 -1.582606287187e+001
 -1.650924479814e-001 -1.582606287145e+001
 -1.650924485416e-001 -1.582606287103e+001
 -1.650924491026e-001 -1.582606287061e+001
 -1.650924496646e-001 -1.582606287019e+001
 -1.650924502274e-001 -1.582606286977e+001
 -1.650924507911e-001 -1.582606286935e+001
 -1.650924513556e-001 -1.582606286893e+001
 -1.650924519210e-001 -1.582606286851e+001
 -1.650924524873e-001 -1.582606286809e+001
 -1.650924530545e-001 -1.582606286766e+001
 -1.650924536225e-001 -1.582606286724e+001
 -1.650924541914e-001 -1.582606286681e+001
 -1.650924547611e-001 -1.582606286639e+001
 -1.650924553318e-001 -1.582606286596e+001
 -1.650924559033e-001 -1.582606286553e+001
 -1.650924564756e-001 -1.582606286511e+001
 -1.650924570489e-001 -1.582606286468e+001
 -1.650924576230e-001 -1.582606286425e+001
 -1.650924581979e-001 -1.582606286382e+001
 -1.650924587738e-001 -1.582606286339e+001
 -1.650924593505e-001 -1.582606286296e+001
 -1.650924599280e-001 -1.582606286253e+001
 -1.650924605065e-001 -1.582606286209e+001
 -1.650924610858e-001 -1.582606286166e+001
 -1.650924616660e-001 -1.582606286123e+001
 -1.650924622470e-001 -1.582606286079e+001
 -1.650924628290e-001 -1.582606286036e+001
 -1.650924634117e-001 -1.582606285992e+001
 -1.650924639954e-001 -1.582606285949e+001
 -1.650924645799e-001 -1.582606285905e+001
 -1.650924651653e-001 -1.582606285861e+001
 -1.650924657516e-001 -1.582606285818e+001
 -1.650924663387e-001 -1.582606285774e+001
 -1.650924669267e-001 -1.582606285730e+001
 -1.650924675156e-001 -1.582606285686e+001
 -1.650924681053e-001 -1.582606285642e+001
 -1.650924686959e-001 -1.582606285598e+001
 -1.650924692874e-001 -1.582606285554e+001
 -1.650924698797e-001 -1.582606285509e+001
 -1.650924704729e-001 -1.582606285465e+001
 -1.650924710670e-001 -1.582606285421e+001
 -1.650924716620e-001 -1.582606285376e+001
 -1.650924722578e-001 -1.582606285332e+001
 -1.650924728545e-001 -1.582606285287e+001
 -1.650924734520e-001 -1.582606285242e+001
 -1.650924740504e-001 -1.582606285198e+001
 -1.650924746497e-001 -1.582606285153e+001
 -1.650924752499e-001 -1.582606285108e+001
 -1.650924758509e-001 -1.582606285063e+001
 -1.650924764528e-001 -1.582606285018e+001
 -1.650924770556e-001 -1.582606284973e+001
 -1.650924776592e-001 -1.582606284928e+001
 -1.650924782637e-001 -1.582606284883e+001
 -1.650924788691e-001 -1.582606284838e+001
 -1.650924794753e-001 -1.582606284793e+001
 -1.650924800824e-001 -1.582606284747e+001
 -1.650924806904e-001 -1.582606284702e+001
 -1.650924812992e-001 -1.582606284656e+001
 -1.650924819089e-001 -1.582606284611e+001
 -1.650924825195e-001 -1.582606284565e+001
 -1.650924831310e-001 -1.582606284520e+001
 -1.650924837433e-001 -1.582606284474e+001
 -1.650924843565e-001 -1.582606284428e+001
 -1.650924849705e-001 -1.582606284382e+001
 -1.650924855854e-001 -1.582606284336e+001
 -1.650924862012e-001 -1.582606284290e+001
 -1.650924868179e-001 -1.582606284244e+001
 -1.650924874354e-001 -1.582606284198e+001
 -1.650924880538e-001 -1.582606284152e+001
 -1.650924886731e-001 -1.582606284106e+001
 -1.650924892932e-001 -1.582606284059e+001
 -1.650924899142e-001 -1.582606284013e+001
 -1.650924905361e-001 -1.582606283966e+001
 -1.650924911588e-001 -1.582606283920e+001
 -1.650924917824e-001 -1.582606283873e+001
 -1.650924924069e-001 -1.582606283827e+001
 -1.650924930323e-001 -1.582606283780e+001
 -1.650924936585e-001 -1.582606283733e+001
 -1.650924942856e-001 -1.582606283686e+001
 -1.650924949135e-001 -1.582606283639e+001
 -1.650924955423e-001 -1.582606283592e+001
 -1.650924961720e-001 -1.582606283545e+001
 -1.650924968026e-001 -1.582606283498e+001
 -1.650924974340e-001 -1.582606283451e+001
 -1.650924980663e-001 -1.582606283404e+001
 -1.650924986994e-001 -1.582606283357e+001
 -1.650924993335e-001 -1.582606283309e+001
 -1.650924999684e-001 -1.582606283262e+001
 -1.650925006041e-001 -1.582606283214e+001
 -1.650925012408e-001 -1.582606283167e+001
 -1.650925018783e-001 -1.582606283119e+001
 -1.650925025167e-001 -1.582606283071e+001
 -1.650925031559e-001 -1.582606283024e+001
 -1.650925037960e-001 -1.582606282976e+001
 -1.650925044370e-001 -1.582606282928e+001
 -1.650925050788e-001 -1.582606282880e+001
 -1.650925057216e-001 -1.582606282832e+001
 -1.650925063651e-001 -1.582606282784e+001
 -1.650925070096e-001 -1.582606282736e+001
 -1.650925076549e-001 -1.582606282688e+001
 -1.650925083011e-001 -1.582606282639e+001
 -1.650925089482e-001 -1.582606282591e+001
 -1.650925095961e-001 -1.582606282543e+001
 -1.650925102449e-001 -1.582606282494e+001
 -1.650925108945e-001 -1.582606282446e+001
 -1.650925115451e-001 -1.582606282397e+001
 -1.650925121965e-001 -1.582606282348e+001
 -1.650925128488e-001 -1.582606282300e+001
 -1.650925135019e-001 -1.582606282251e+001
 -1.650925141559e-001 -1.582606282202e+001
 -1.650925148108e-001 -1.582606282153e+001
 -1.650925154665e-001 -1.582606282104e+001
 -1.650925161231e-001 -1.582606282055e+001
 -1.650925167806e-001 -1.582606282006e+001
 -1.650925174390e-001 -1.582606281957e+001
 -1.650925180982e-001 -1.582606281908e+001
 -1.650925187583e-001 -1.582606281858e+001
 -1.650925194192e-001 -1.582606281809e+001
 -1.650925200810e-001 -1.582606281759e+001
 -1.650925207437e-001 -1.582606281710e+001
 -1.650925214073e-001 -1.582606281660e+001
 -1.650925220717e-001 -1.582606281611e+001
 -1.650925227370e-001 -1.582606281561e+001
 -1.650925234032e-001 -1.582606281511e+001
 -1.650925240702e-001 -1.582606281461e+001
 -1.650925247381e-001 -1.582606281412e+001
 -1.650925254069e-001 -1.582606281362e+001
 -1.650925260765e-001 -1.582606281312e+001
 -1.650925267470e-001 -1.582606281262e+001
 -1.650925274184e-001 -1.582606281211e+001
 -1.650925280907e-001 -1.582606281161e+001
 -1.650925287638e-001 -1.582606281111e+001
 -1.650925294378e-001 -1.582606281061e+001
 -1.650925301126e-001 -1.582606281010e+001
 -1.650925307883e-001 -1.582606280960e+001
 -1.650925314649e-001 -1.582606280909e+001
 -1.650925321424e-001 -1.582606280859e+001
 -1.650925328207e-001 -1.582606280808e+001
 -1.650925334999e-001 -1.582606280757e+001
 -1.650925341800e-001 -1.582606280706e+001
 -1.650925348609e-001 -1.582606280655e+001
 -1.650925355427e-001 -1.582606280605e+001
 -1.650925362254e-001 -1.582606280554e+001
 -1.650925369089e-001 -1.582606280502e+001
 -1.650925375933e-001 -1.582606280451e+001
 -1.650925382786e-001 -1.582606280400e+001
 -1.650925389647e-001 -1.582606280349e+001
 -1.650925396517e-001 -1.582606280298e+001
 -1.650925403396e-001 -1.582606280246e+001
 -1.650925410284e-001 -1.582606280195e+001
 -1.650925417180e-001 -1.582606280143e+001
 -1.650925424085e-001 -1.582606280092e+001
 -1.650925430998e-001 -1.582606280040e+001
 -1.650925437920e-001 -1.582606279988e+001
 -1.650925444851e-001 -1.582606279937e+001
 -1.650925451791e-001 -1.582606279885e+001
 -1.650925458739e-001 -1.582606279833e+001
 -1.650925465696e-001 -1.582606279781e+001
 -1.650925472662e-001 -1.582606279729e+001
 -1.650925479636e-001 -1.582606279677e+001
 -1.650925486619e-001 -1.582606279625e+001
 -1.650925493611e-001 -1.582606279572e+001
 -1.650925500611e-001 -1.582606279520e+001
 -1.650925507620e-001 -1.582606279468e+001
 -1.650925514638e-001 -1.582606279415e+001
 -1.650925521665e-001 -1.582606279363e+001
 -1.650925528700e-001 -1.582606279310e+001
 -1.650925535744e-001 -1.582606279258e+001
 -1.650925542796e-001 -1.582606279205e+001
 -1.650925549857e-001 -1.582606279152e+001
 -1.650925556927e-001 -1.582606279099e+001
 -1.650925564006e-001 -1.582606279046e+001
 -1.650925571093e-001 -1.582606278994e+001
 -1.650925578189e-001 -1.582606278941e+001
 -1.650925585293e-001 -1.582606278887e+001
 -1.650925592407e-001 -1.582606278834e+001
 -1.650925599529e-001 -1.582606278781e+001
 -1.650925606659e-001 -1.582606278728e+001
 -1.650925613799e-001 -1.582606278675e+001
 -1.650925620947e-001 -1.582606278621e+001
 -1.650925628104e-001 -1.582606278568e+001
 -1.650925635269e-001 -1.582606278514e+001
 -1.650925642443e-001 -1.582606278461e+001
 -1.650925649626e-001 -1.582606278407e+001
 -1.650925656817e-001 -1.582606278353e+001
 -1.650925664017e-001 -1.582606278299e+001
 -1.650925671226e-001 -1.582606278246e+001
 -1.650925678444e-001 -1.582606278192e+001
 -1.650925685670e-001 -1.582606278138e+001
 -1.650925692905e-001 -1.582606278084e+001
 -1.650925700149e-001 -1.582606278030e+001
 -1.650925707401e-001 -1.582606277975e+001
 -1.650925714662e-001 -1.582606277921e+001
 -1.650925721931e-001 -1.582606277867e+001
 -1.650925729210e-001 -1.582606277812e+001
 -1.650925736497e-001 -1.582606277758e+001
 -1.650925743792e-001 -1.582606277704e+001
 -1.650925751097e-001 -1.582606277649e+001
 -1.650925758410e-001 -1.582606277594e+001
 -1.650925765732e-001 -1.582606277540e+001
 -1.650925773062e-001 -1.582606277485e+001
 -1.650925780401e-001 -1.582606277430e+001
 -1.650925787749e-001 -1.582606277375e+001
 -1.650925795105e-001 -1.582606277320e+001
 -1.650925802471e-001 -1.582606277265e+001
 -1.650925809844e-001 -1.582606277210e+001
 -1.650925817227e-001 -1.582606277155e+001
 -1.650925824618e-001 -1.582606277100e+001
 -1.650925832018e-001 -1.582606277045e+001
 -1.650925839427e-001 -1.582606276989e+001
 -1.650925846844e-001 -1.582606276934e+001
 -1.650925854270e-001 -1.582606276878e+001
 -1.650925861705e-001 -1.582606276823e+001
 -1.650925869148e-001 -1.582606276767e+001
 -1.650925876600e-001 -1.582606276711e+001
 -1.650925884061e-001 -1.582606276656e+001
 -1.650925891530e-001 -1.582606276600e+001
 -1.650925899008e-001 -1.582606276544e+001
 -1.650925906495e-001 -1.582606276488e+001
 -1.650925913990e-001 -1.582606276432e+001
 -1.650925921495e-001 -1.582606276376e+001
 -1.650925929007e-001 -1.582606276320e+001
 -1.650925936529e-001 -1.582606276264e+001
 -1.650925944059e-001 -1.582606276208e+001
 -1.650925951598e-001 -1.582606276151e+001
 -1.650925959146e-001 -1.582606276095e+001
 -1.650925966702e-001 -1.582606276038e+001
 -1.650925974267e-001 -1.582606275982e+001
 -1.650925981840e-001 -1.582606275925e+001
 -1.650925989423e-001 -1.582606275869e+001
 -1.650925997014e-001 -1.582606275812e+001
 -1.650926004613e-001 -1.582606275755e+001
 -1.650926012222e-001 -1.582606275698e+001
 -1.650926019839e-001 -1.582606275642e+001
 -1.650926027465e-001 -1.582606275585e+001
 -1.650926035099e-001 -1.582606275528e+001
 -1.650926042742e-001 -1.582606275470e+001
 -1.650926050394e-001 -1.582606275413e+001
 -1.650926058054e-001 -1.582606275356e+001
 -1.650926065724e-001 -1.582606275299e+001
 -1.650926073401e-001 -1.582606275241e+001
 -1.650926081088e-001 -1.582606275184e+001
 -1.650926088783e-001 -1.582606275127e+001
 -1.650926096487e-001 -1.582606275069e+001
 -1.650926104200e-001 -1.582606275011e+001
 -1.650926111921e-001 -1.582606274954e+001
 -1.650926119651e-001 -1.582606274896e+001
 -1.650926127390e-001 -1.582606274838e+001
 -1.650926135137e-001 -1.582606274780e+001
 -1.650926142893e-001 -1.582606274722e+001
 -1.650926150658e-001 -1.582606274664e+001
 -1.650926158431e-001 -1.582606274606e+001
 -1.650926166213e-001 -1.582606274548e+001
 -1.650926174004e-001 -1.582606274490e+001
 -1.650926181803e-001 -1.582606274432e+001
 -1.650926189611e-001 -1.582606274373e+001
 -1.650926197428e-001 -1.582606274315e+001
 -1.650926205254e-001 -1.582606274257e+001
 -1.650926213088e-001 -1.582606274198e+001
 -1.650926220931e-001 -1.582606274139e+001
 -1.650926228782e-001 -1.582606274081e+001
 -1.650926236643e-001 -1.582606274022e+001
 -1.650926244511e-001 -1.582606273963e+001
 -1.650926252389e-001 -1.582606273904e+001
 -1.650926260275e-001 -1.582606273846e+001
 -1.650926268170e-001 -1.582606273787e+001
 -1.650926276074e-001 -1.582606273728e+001
 -1.650926283986e-001 -1.582606273668e+001
 -1.650926291907e-001 -1.582606273609e+001
 -1.650926299837e-001 -1.582606273550e+001
 -1.650926307776e-001 -1.582606273491e+001
 -1.650926315723e-001 -1.582606273431e+001
 -1.650926323678e-001 -1.582606273372e+001
 -1.650926331643e-001 -1.582606273312e+001
 -1.650926339616e-001 -1.582606273253e+001
 -1.650926347598e-001 -1.582606273193e+001
 -1.650926355588e-001 -1.582606273134e+001
 -1.650926363588e-001 -1.582606273074e+001
 -1.650926371595e-001 -1.582606273014e+001
 -1.650926379612e-001 -1.582606272954e+001
 -1.650926387637e-001 -1.582606272894e+001
 -1.650926395671e-001 -1.582606272834e+001
 -1.650926403714e-001 -1.582606272774e+001
 -1.650926411765e-001 -1.582606272714e+001
 -1.650926419825e-001 -1.582606272654e+001
 -1.650926427894e-001 -1.582606272593e+001
 -1.650926435971e-001 -1.582606272533e+001
 -1.650926444057e-001 -1.582606272473e+001
 -1.650926452152e-001 -1.582606272412e+001
 -1.650926460256e-001 -1.582606272352e+001
 -1.650926468368e-001 -1.582606272291e+001
 -1.650926476488e-001 -1.582606272231e+001
 -1.650926484618e-001 -1.582606272170e+001
 -1.650926492756e-001 -1.582606272109e+001
 -1.650926500903e-001 -1.582606272048e+001
 -1.650926509059e-001 -1.582606271987e+001
 -1.650926517223e-001 -1.582606271926e+001
 -1.650926525396e-001 -1.582606271865e+001
 -1.650926533577e-001 -1.582606271804e+001
 -1.650926541768e-001 -1.582606271743e+001
 -1.650926549967e-001 -1.582606271682e+001
 -1.650926558174e-001 -1.582606271620e+001
 -1.650926566391e-001 -1.582606271559e+001
 -1.650926574616e-001 -1.582606271498e+001
 -1.650926582849e-001 -1.582606271436e+001
 -1.650926591092e-001 -1.582606271374e+001
 -1.650926599343e-001 -1.582606271313e+001
 -1.650926607602e-001 -1.582606271251e+001
 -1.650926615871e-001 -1.582606271189e+001
 -1.650926624148e-001 -1.582606271128e+001
 -1.650926632434e-001 -1.582606271066e+001
 -1.650926640728e-001 -1.582606271004e+001
 -1.650926649032e-001 -1.582606270942e+001
 -1.650926657343e-001 -1.582606270880e+001
 -1.650926665664e-001 -1.582606270817e+001
 -1.650926673993e-001 -1.582606270755e+001
 -1.650926682331e-001 -1.582606270693e+001
 -1.650926690678e-001 -1.582606270631e+001
 -1.650926699033e-001 -1.582606270568e+001
 -1.650926707397e-001 -1.582606270506e+001
 -1.650926715770e-001 -1.582606270443e+001
 -1.650926724151e-001 -1.582606270381e+001
 -1.650926732541e-001 -1.582606270318e+001
 -1.650926740940e-001 -1.582606270255e+001
 -1.650926749347e-001 -1.582606270192e+001
 -1.650926757764e-001 -1.582606270129e+001
 -1.650926766188e-001 -1.582606270067e+001
 -1.650926774622e-001 -1.582606270004e+001
 -1.650926783064e-001 -1.582606269940e+001
 -1.650926791515e-001 -1.582606269877e+001
 -1.650926799974e-001 -1.582606269814e+001
 -1.650926808443e-001 -1.582606269751e+001
 -1.650926816919e-001 -1.582606269688e+001
 -1.650926825405e-001 -1.582606269624e+001
 -1.650926833899e-001 -1.582606269561e+001
 -1.650926842402e-001 -1.582606269497e+001
 -1.650926850914e-001 -1.582606269434e+001
 -1.650926859434e-001 -1.582606269370e+001
 -1.650926867963e-001 -1.582606269306e+001
 -1.650926876501e-001 -1.582606269243e+001
 -1.650926885047e-001 -1.582606269179e+001
 -1.650926893602e-001 -1.582606269115e+001
 -1.650926902166e-001 -1.582606269051e+001
 -1.650926910739e-001 -1.582606268987e+001
 -1.650926919320e-001 -1.582606268923e+001
 -1.650926927910e-001 -1.582606268859e+001
 -1.650926936508e-001 -1.582606268794e+001
 -1.650926945115e-001 -1.582606268730e+001
 -1.650926953731e-001 -1.582606268666e+001
 -1.650926962356e-001 -1.582606268601e+001
 -1.650926970989e-001 -1.582606268537e+001
 -1.650926979631e-001 -1.582606268472e+001
 -1.650926988281e-001 -1.582606268408e+001
 -1.650926996941e-001 -1.582606268343e+001
 -1.650927005609e-001 -1.582606268278e+001
 -1.650927014285e-001 -1.582606268213e+001
