 -1.650922675953e-001 -1.582606300619e+001
 -1.650922675953e-001 -1.582606300619e+001
 -1.650922675953e-001 -1.582606300619e+001
 -1.650922675953e-001 -1.582606300619e+001
 -1.650922675953e-001 -1.582606300619e+001
 -1.650922675954e-001 -1.582606300619e+001
 -1.650922675954e-001 -1.582606300619e+001
 -1.650922675954e-001 -1.582606300619e+001
 -1.650922675954e-001 -1.582606300619e+001
 -1.650922675954e-001 -1.582606300619e+001
 -1.650922675954e-001 -1.582606300619e+001
 -1.650922675955e-001 -1.582606300619e+001
 -1.650922675955e-001 -1.582606300619e+001
 -1.650922675955e-001 -1.582606300619e+001
 -1.650922675955e-001 -1.582606300619e+001
 -1.650922675956e-001 -1.582606300619e+001
 -1.650922675956e-001 -1.582606300619e+001
 -1.650922675956e-001 -1.582606300619e+001
 -1.650922675957e-001 -1.582606300619e+001
 -1.650922675957e-001 -1.582606300619e+001
 -1.650922675957e-001 -1.582606300619e+001
 -1.650922675958e-001 -1.582606300619e+001
 -1.650922675958e-001 -1.582606300619e+001
 -1.650922675959e-001 -1.582606300619e+001
 -1.650922675959e-001 -1.582606300619e+001
 -1.650922675960e-001 -1.582606300619e+001
 -1.650922675960e-001 -1.582606300619e+001
 -1.650922675961e-001 -1.582606300619e+001
 -1.650922675961e-001 -1.582606300619e+001
 -1.650922675962e-001 -1.582606300619e+001
 -1.650922675962e-001 -1.582606300619e+001
 -1.650922675963e-001 -1.582606300619e+001
 -1.650922675964e-001 -1.582606300619e+001
 -1.650922675964e-001 -1.582606300619e+001
 -1.650922675965e-001 -1.582606300619e+001
 -1.650922675966e-001 -1.582606300619e+001
 -1.650922675966e-001 -1.582606300619e+001
 -1.650922675967e-001 -1.582606300619e+001
 -1.650922675968e-001 -1.582606300619e+001
 -1.650922675969e-001 -1.582606300619e+001
 -1.650922675970e-001 -1.582606300619e+001
 -1.650922675970e-001 -1.582606300619e+001
 -1.650922675971e-001 -1.582606300619e+001
 -1.650922675972e-001 -1.582606300619e+001
 -1.650922675973e-001 -1.582606300619e+001
 -1.650922675974e-001 -1.582606300619e+001
 -1.650922675975e-001 -1.582606300619e+001
 -1.650922675976e-001 -1.582606300619e+001
 -1.650922675977e-001 -1.582606300619e+001
 -1.650922675978e-001 -1.582606300619e+001
 -1.650922675979e-001 -1.582606300619e+001
 -1.650922675980e-001 -1.582606300619e+001
 -1.650922675981e-001 -1.582606300619e+001
 -1.650922675982e-001 -1.582606300619e+001
 -1.650922675983e-001 -1.582606300619e+001
 -1.650922675984e-001 -1.582606300619e+001
 -1.650922675985e-001 -1.582606300619e+001
 -1.650922675986e-001 -1.582606300619e+001
 -1.650922675987e-001 -1.582606300619e+001
 -1.650922675989e-001 -1.582606300619e+001
 -1.650922675990e-001 -1.582606300619e+001
 -1.650922675991e-001 -1.582606300619e+001
 -1.650922675992e-001 -1.582606300619e+001
 -1.650922675994e-001 -1.582606300619e+001
 -1.650922675995e-001 -1.582606300619e+001
 -1.650922675996e-001 -1.582606300619e+001
 -1.650922675998e-001 -1.582606300619e+001
 -1.650922675999e-001 -1.582606300619e+001
 -1.650922676000e-001 -1.582606300619e+001
 -1.650922676002e-001 -1.582606300619e+001
 -1.650922676003e-001 -1.582606300619e+001
 -1.650922676005e-001 -1.582606300619e+001
 -1.650922676006e-001 -1.582606300619e+001
 -1.650922676007e-001 -1.582606300619e+001
 -1.650922676009e-001 -1.582606300619e+001
 -1.650922676010e-001 -1.582606300619e+001
 -1.650922676012e-001 -1.582606300619e+001
 -1.650922676014e-001 -1.582606300619e+001
 -1.650922676015e-001 -1.582606300619e+001
 -1.650922676017e-001 -1.582606300619e+001
 -1.650922676018e-001 -1.582606300619e+001
 -1.650922676020e-001 -1.582606300619e+001
 -1.650922676022e-001 -1.582606300619e+001
 -1.650922676023e-001 -1.582606300619e+001
 -1.650922676025e-001 -1.582606300619e+001
 -1.650922676027e-001 -1.582606300619e+001
 -1.650922676028e-001 -1.582606300619e+001
 -1.650922676030e-001 -1.582606300619e+001
 -1.650922676032e-001 -1.582606300619e+001
 -1.650922676034e-001 -1.582606300619e+001
 -1.650922676036e-001 -1.582606300619e+001
 -1.650922676037e-001 -1.582606300619e+001
 -1.650922676039e-001 -1.582606300619e+001
 -1.650922676041e-001 -1.582606300619e+001
 -1.650922676043e-001 -1.582606300619e+001
 -1.650922676045e-001 -1.582606300619e+001
 -1.650922676047e-001 -1.582606300619e+001
 -1.650922676049e-001 -1.582606300619e+001
 -1.650922676051e-001 -1.582606300619e+001
 -1.650922676053e-001 -1.582606300619e+001
 -1.650922676055e-001 -1.582606300619e+001
 -1.650922676057e-001 -1.582606300619e+001
 -1.650922676059e-001 -1.582606300619e+001
 -1.650922676061e-001 -1.582606300619e+001
 -1.650922676063e-001 -1.582606300619e+001
 -1.650922676065e-001 -1.582606300619e+001
 -1.650922676067e-001 -1.582606300619e+001
 -1.650922676070e-001 -1.582606300619e+001
 -1.650922676072e-001 -1.582606300619e+001
 -1.650922676074e-001 -1.582606300618e+001
 -1.650922676076e-001 -1.582606300618e+001
 -1.650922676078e-001 -1.582606300618e+001
 -1.650922676081e-001 -1.582606300618e+001
 -1.650922676083e-001 -1.582606300618e+001
 -1.650922676085e-001 -1.582606300618e+001
 -1.650922676088e-001 -1.582606300618e+001
 -1.650922676090e-001 -1.582606300618e+001
 -1.650922676092e-001 -1.582606300618e+001
 -1.650922676095e-001 -1.582606300618e+001
 -1.650922676097e-001 -1.582606300618e+001
 -1.650922676100e-001 -1.582606300618e+001
 -1.650922676102e-001 -1.582606300618e+001
 -1.650922676105e-001 -1.582606300618e+001
 -1.650922676107e-001 -1.582606300618e+001
 -1.650922676110e-001 -1.582606300618e+001
 -1.650922676112e-001 -1.582606300618e+001
 -1.650922676115e-001 -1.582606300618e+001
 -1.650922676117e-001 -1.582606300618e+001
 -1.650922676120e-001 -1.582606300618e+001
 -1.650922676122e-001 -1.582606300618e+001
 -1.650922676125e-001 -1.582606300618e+001
 -1.650922676128e-001 -1.582606300618e+001
 -1.650922676130e-001 -1.582606300618e+001
 -1.650922676133e-001 -1.582606300618e+001
 -1.650922676136e-001 -1.582606300618e+001
 -1.650922676138e-001 -1.582606300618e+001
 -1.650922676141e-001 -1.582606300618e+001
 -1.650922676144e-001 -1.582606300618e+001
 -1.650922676147e-001 -1.582606300618e+001
 -1.650922676150e-001 -1.582606300618e+001
 -1.650922676152e-001 -1.582606300618e+001
 -1.650922676155e-001 -1.582606300618e+001
 -1.650922676158e-001 -1.582606300618e+001
 -1.650922676161e-001 -1.582606300618e+001
 -1.650922676164e-001 -1.582606300618e+001
 -1.650922676167e-001 -1.582606300618e+001
 -1.650922676170e-001 -1.582606300618e+001
 -1.650922676173e-001 -1.582606300618e+001
 -1.650922676176e-001 -1.582606300618e+001
 -1.650922676179e-001 -1.582606300618e+001
 -1.650922676182e-001 -1.582606300618e+001
 -1.650922676185e-001 -1.582606300618e+001
 -1.650922676188e-001 -1.582606300618e+001
 -1.650922676191e-001 -1.582606300618e+001
 -1.650922676194e-001 -1.582606300618e+001
 -1.650922676197e-001 -1.582606300618e+001
 -1.650922676201e-001 -1.582606300618e+001
 -1.650922676204e-001 -1.582606300618e+001
 -1.650922676207e-001 -1.582606300617e+001
 -1.650922676210e-001 -1.582606300617e+001
 -1.650922676213e-001 -1.582606300617e+001
 -1.650922676217e-001 -1.582606300617e+001
 -1.650922676220e-001 -1.582606300617e+001
 -1.650922676223e-001 -1.582606300617e+001
 -1.650922676227e-001 -1.582606300617e+001
 -1.650922676230e-001 -1.582606300617e+001
 -1.650922676233e-001 -1.582606300617e+001
 -1.650922676237e-001 -1.582606300617e+001
 -1.650922676240e-001 -1.582606300617e+001
 -1.650922676243e-001 -1.582606300617e+001
 -1.650922676247e-001 -1.582606300617e+001
 -1.650922676250e-001 -1.582606300617e+001
 -1.650922676254e-001 -1.582606300617e+001
 -1.650922676257e-001 -1.582606300617e+001
 -1.650922676261e-001 -1.582606300617e+001
 -1.650922676264e-001 -1.582606300617e+001
 -1.650922676268e-001 -1.582606300617e+001
 -1.650922676272e-001 -1.582606300617e+001
 -1.650922676275e-001 -1.582606300617e+001
 -1.650922676279e-001 -1.582606300617e+001
 -1.650922676282e-001 -1.582606300617e+001
 -1.650922676286e-001 -1.582606300617e+001
 -1.650922676290e-001 -1.582606300617e+001
 -1.650922676294e-001 -1.582606300617e+001
 -1.650922676297e-001 -1.582606300617e+001
 -1.650922676301e-001 -1.582606300617e+001
 -1.650922676305e-001 -1.582606300617e+001
 -1.650922676309e-001 -1.582606300617e+001
 -1.650922676312e-001 -1.582606300617e+001
 -1.650922676316e-001 -1.582606300617e+001
 -1.650922676320e-001 -1.582606300617e+001
 -1.650922676324e-001 -1.582606300617e+001
 -1.650922676328e-001 -1.582606300617e+001
 -1.650922676332e-001 -1.582606300617e+001
 -1.650922676336e-001 -1.582606300617e+001
 -1.650922676340e-001 -1.582606300617e+001
 -1.650922676344e-001 -1.582606300616e+001
 -1.650922676348e-001 -1.582606300616e+001
 -1.650922676352e-001 -1.582606300616e+001
 -1.650922676356e-001 -1.582606300616e+001
 -1.650922676360e-001 -1.582606300616e+001
 -1.650922676364e-001 -1.582606300616e+001
 -1.650922676368e-001 -1.582606300616e+001
 -1.650922676372e-001 -1.582606300616e+001
 -1.650922676376e-001 -1.582606300616e+001
 -1.650922676380e-001 -1.582606300616e+001
 -1.650922676384e-001 -1.582606300616e+001
 -1.650922676389e-001 -1.582606300616e+001
 -1.650922676393e-001 -1.582606300616e+001
 -1.650922676397e-001 -1.582606300616e+001
 -1.650922676401e-001 -1.582606300616e+001
 -1.650922676406e-001 -1.582606300616e+001
 -1.650922676410e-001 -1.582606300616e+001
 -1.650922676414e-001 -1.582606300616e+001
 -1.650922676419e-001 -1.582606300616e+001
 -1.650922676423e-001 -1.582606300616e+001
 -1.650922676427e-001 -1.582606300616e+001
 -1.650922676432e-001 -1.582606300616e+001
 -1.650922676436e-001 -1.582606300616e+001
 -1.650922676441e-001 -1.582606300616e+001
 -1.650922676445e-001 -1.582606300616e+001
 -1.650922676449e-001 -1.582606300616e+001
 -1.650922676454e-001 -1.582606300616e+001
 -1.650922676459e-001 -1.582606300616e+001
 -1.650922676463e-001 -1.582606300616e+001
 -1.650922676468e-001 -1.582606300616e+001
 -1.650922676472e-001 -1.582606300616e+001
 -1.650922676477e-001 -1.582606300615e+001
 -1.650922676481e-001 -1.582606300615e+001
 -1.650922676486e-001 -1.582606300615e+001
 -1.650922676491e-001 -1.582606300615e+001
 -1.650922676495e-001 -1.582606300615e+001
 -1.650922676500e-001 -1.582606300615e+001
 -1.650922676505e-001 -1.582606300615e+001
 -1.650922676510e-001 -1.582606300615e+001
 -1.650922676514e-001 -1.582606300615e+001
 -1.650922676519e-001 -1.582606300615e+001
 -1.650922676524e-001 -1.582606300615e+001
 -1.650922676529e-001 -1.582606300615e+001
 -1.650922676534e-001 -1.582606300615e+001
 -1.650922676538e-001 -1.582606300615e+001
 -1.650922676543e-001 -1.582606300615e+001
 -1.650922676548e-001 -1.582606300615e+001
 -1.650922676553e-001 -1.582606300615e+001
 -1.650922676558e-001 -1.582606300615e+001
 -1.650922676563e-001 -1.582606300615e+001
 -1.650922676568e-001 -1.582606300615e+001
 -1.650922676573e-001 -1.582606300615e+001
 -1.650922676578e-001 -1.582606300615e+001
 -1.650922676583e-001 -1.582606300615e+001
 -1.650922676588e-001 -1.582606300615e+001
 -1.650922676593e-001 -1.582606300615e+001
 -1.650922676598e-001 -1.582606300615e+001
 -1.650922676604e-001 -1.582606300615e+001
 -1.650922676609e-001 -1.582606300614e+001
 -1.650922676614e-001 -1.582606300614e+001
 -1.650922676619e-001 -1.582606300614e+001
 -1.650922676624e-001 -1.582606300614e+001
 -1.650922676630e-001 -1.582606300614e+001
 -1.650922676635e-001 -1.582606300614e+001
 -1.650922676640e-001 -1.582606300614e+001
 -1.650922676645e-001 -1.582606300614e+001
 -1.650922676651e-001 -1.582606300614e+001
 -1.650922676656e-001 -1.582606300614e+001
 -1.650922676661e-001 -1.582606300614e+001
 -1.650922676667e-001 -1.582606300614e+001
 -1.650922676672e-001 -1.582606300614e+001
 -1.650922676678e-001 -1.582606300614e+001
 -1.650922676683e-001 -1.582606300614e+001
 -1.650922676688e-001 -1.582606300614e+001
 -1.650922676694e-001 -1.582606300614e+001
 -1.650922676699e-001 -1.582606300614e+001
 -1.650922676705e-001 -1.582606300614e+001
 -1.650922676710e-001 -1.582606300614e+001
 -1.650922676716e-001 -1.582606300614e+001
 -1.650922676722e-001 -1.582606300614e+001
 -1.650922676727e-001 -1.582606300614e+001
 -1.650922676733e-001 -1.582606300614e+001
 -1.650922676738e-001 -1.582606300614e+001
 -1.650922676744e-001 -1.582606300613e+001
 -1.650922676750e-001 -1.582606300613e+001
 -1.650922676755e-001 -1.582606300613e+001
 -1.650922676761e-001 -1.582606300613e+001
 -1.650922676767e-001 -1.582606300613e+001
 -1.650922676773e-001 -1.582606300613e+001
 -1.650922676778e-001 -1.582606300613e+001
 -1.650922676784e-001 -1.582606300613e+001
 -1.650922676790e-001 -1.582606300613e+001
 -1.650922676796e-001 -1.582606300613e+001
 -1.650922676802e-001 -1.582606300613e+001
 -1.650922676808e-001 -1.582606300613e+001
 -1.650922676814e-001 -1.582606300613e+001
 -1.650922676819e-001 -1.582606300613e+001
 -1.650922676825e-001 -1.582606300613e+001
 -1.650922676831e-001 -1.582606300613e+001
 -1.650922676837e-001 -1.582606300613e+001
 -1.650922676843e-001 -1.582606300613e+001
 -1.650922676849e-001 -1.582606300613e+001
 -1.650922676855e-001 -1.582606300613e+001
 -1.650922676862e-001 -1.582606300613e+001
 -1.650922676868e-001 -1.582606300613e+001
 -1.650922676874e-001 -1.582606300613e+001
 -1.650922676880e-001 -1.582606300612e+001
 -1.650922676886e-001 -1.582606300612e+001
 -1.650922676892e-001 -1.582606300612e+001
 -1.650922676898e-001 -1.582606300612e+001
 -1.650922676905e-001 -1.582606300612e+001
 -1.650922676911e-001 -1.582606300612e+001
 -1.650922676917e-001 -1.582606300612e+001
 -1.650922676923e-001 -1.582606300612e+001
 -1.650922676930e-001 -1.582606300612e+001
 -1.650922676936e-001 -1.582606300612e+001
 -1.650922676942e-001 -1.582606300612e+001
 -1.650922676949e-001 -1.582606300612e+001
 -1.650922676955e-001 -1.582606300612e+001
 -1.650922676961e-001 -1.582606300612e+001
 -1.650922676968e-001 -1.582606300612e+001
 -1.650922676974e-001 -1.582606300612e+001
 -1.650922676981e-001 -1.582606300612e+001
 -1.650922676987e-001 -1.582606300612e+001
 -1.650922676994e-001 -1.582606300612e+001
 -1.650922677000e-001 -1.582606300612e+001
 -1.650922677007e-001 -1.582606300612e+001
 -1.650922677013e-001 -1.582606300611e+001
 -1.650922677020e-001 -1.582606300611e+001
 -1.650922677026e-001 -1.582606300611e+001
 -1.650922677033e-001 -1.582606300611e+001
 -1.650922677040e-001 -1.582606300611e+001
 -1.650922677046e-001 -1.582606300611e+001
 -1.650922677053e-001 -1.582606300611e+001
 -1.650922677060e-001 -1.582606300611e+001
 -1.650922677066e-001 -1.582606300611e+001
 -1.650922677073e-001 -1.582606300611e+001
 -1.650922677080e-001 -1.582606300611e+001
 -1.650922677087e-001 -1.582606300611e+001
 -1.650922677093e-001 -1.582606300611e+001
 -1.650922677100e-001 -1.582606300611e+001
 -1.650922677107e-001 -1.582606300611e+001
 -1.650922677114e-001 -1.582606300611e+001
 -1.650922677121e-001 -1.582606300611e+001
 -1.650922677128e-001 -1.582606300611e+001
 -1.650922677135e-001 -1.582606300611e+001
 -1.650922677142e-001 -1.582606300611e+001
 -1.650922677148e-001 -1.582606300610e+001
 -1.650922677155e-001 -1.582606300610e+001
 -1.650922677162e-001 -1.582606300610e+001
 -1.650922677169e-001 -1.582606300610e+001
 -1.650922677177e-001 -1.582606300610e+001
 -1.650922677184e-001 -1.582606300610e+001
 -1.650922677191e-001 -1.582606300610e+001
 -1.650922677198e-001 -1.582606300610e+001
 -1.650922677205e-001 -1.582606300610e+001
 -1.650922677212e-001 -1.582606300610e+001
 -1.650922677219e-001 -1.582606300610e+001
 -1.650922677226e-001 -1.582606300610e+001
 -1.650922677234e-001 -1.582606300610e+001
 -1.650922677241e-001 -1.582606300610e+001
 -1.650922677248e-001 -1.582606300610e+001
 -1.650922677255e-001 -1.582606300610e+001
 -1.650922677263e-001 -1.582606300610e+001
 -1.650922677270e-001 -1.582606300610e+001
 -1.650922677277e-001 -1.582606300610e+001
 -1.650922677285e-001 -1.582606300609e+001
 -1.650922677292e-001 -1.582606300609e+001
 -1.650922677299e-001 -1.582606300609e+001
 -1.650922677307e-001 -1.582606300609e+001
 -1.650922677314e-001 -1.582606300609e+001
 -1.650922677322e-001 -1.582606300609e+001
 -1.650922677329e-001 -1.582606300609e+001
 -1.650922677337e-001 -1.582606300609e+001
 -1.650922677344e-001 -1.582606300609e+001
 -1.650922677352e-001 -1.582606300609e+001
 -1.650922677359e-001 -1.582606300609e+001
 -1.650922677367e-001 -1.582606300609e+001
 -1.650922677374e-001 -1.582606300609e+001
 -1.650922677382e-001 -1.582606300609e+001
 -1.650922677389e-001 -1.582606300609e+001
 -1.650922677397e-001 -1.582606300609e+001
 -1.650922677405e-001 -1.582606300609e+001
 -1.650922677413e-001 -1.582606300608e+001
 -1.650922677420e-001 -1.582606300608e+001
 -1.650922677428e-001 -1.582606300608e+001
 -1.650922677436e-001 -1.582606300608e+001
 -1.650922677443e-001 -1.582606300608e+001
 -1.650922677451e-001 -1.582606300608e+001
 -1.650922677459e-001 -1.582606300608e+001
 -1.650922677467e-001 -1.582606300608e+001
 -1.650922677475e-001 -1.582606300608e+001
 -1.650922677483e-001 -1.582606300608e+001
 -1.650922677491e-001 -1.582606300608e+001
 -1.650922677498e-001 -1.582606300608e+001
 -1.650922677506e-001 -1.582606300608e+001
 -1.650922677514e-001 -1.582606300608e+001
 -1.650922677522e-001 -1.582606300608e+001
 -1.650922677530e-001 -1.582606300608e+001
 -1.650922677538e-001 -1.582606300608e+001
 -1.650922677546e-001 -1.582606300607e+001
 -1.650922677554e-001 -1.582606300607e+001
 -1.650922677562e-001 -1.582606300607e+001
 -1.650922677571e-001 -1.582606300607e+001
 -1.650922677579e-001 -1.582606300607e+001
 -1.650922677587e-001 -1.582606300607e+001
 -1.650922677595e-001 -1.582606300607e+001
 -1.650922677603e-001 -1.582606300607e+001
 -1.650922677611e-001 -1.582606300607e+001
 -1.650922677620e-001 -1.582606300607e+001
 -1.650922677628e-001 -1.582606300607e+001
 -1.650922677636e-001 -1.582606300607e+001
 -1.650922677644e-001 -1.582606300607e+001
 -1.650922677653e-001 -1.582606300607e+001
 -1.650922677661e-001 -1.582606300607e+001
 -1.650922677669e-001 -1.582606300607e+001
 -1.650922677678e-001 -1.582606300607e+001
 -1.650922677686e-001 -1.582606300606e+001
 -1.650922677694e-001 -1.582606300606e+001
 -1.650922677703e-001 -1.582606300606e+001
 -1.650922677711e-001 -1.582606300606e+001
 -1.650922677720e-001 -1.582606300606e+001
 -1.650922677728e-001 -1.582606300606e+001
 -1.650922677737e-001 -1.582606300606e+001
 -1.650922677745e-001 -1.582606300606e+001
 -1.650922677754e-001 -1.582606300606e+001
 -1.650922677762e-001 -1.582606300606e+001
 -1.650922677771e-001 -1.582606300606e+001
 -1.650922677780e-001 -1.582606300606e+001
 -1.650922677788e-001 -1.582606300606e+001
 -1.650922677797e-001 -1.582606300606e+001
 -1.650922677806e-001 -1.582606300606e+001
 -1.650922677814e-001 -1.582606300605e+001
 -1.650922677823e-001 -1.582606300605e+001
 -1.650922677832e-001 -1.582606300605e+001
 -1.650922677840e-001 -1.582606300605e+001
 -1.650922677849e-001 -1.582606300605e+001
 -1.650922677858e-001 -1.582606300605e+001
 -1.650922677867e-001 -1.582606300605e+001
 -1.650922677876e-001 -1.582606300605e+001
 -1.650922677884e-001 -1.582606300605e+001
 -1.650922677893e-001 -1.582606300605e+001
 -1.650922677902e-001 -1.582606300605e+001
 -1.650922677911e-001 -1.582606300605e+001
 -1.650922677920e-001 -1.582606300605e+001
 -1.650922677929e-001 -1.582606300605e+001
 -1.650922677938e-001 -1.582606300605e+001
 -1.650922677947e-001 -1.582606300604e+001
 -1.650922677956e-001 -1.582606300604e+001
 -1.650922677965e-001 -1.582606300604e+001
 -1.650922677974e-001 -1.582606300604e+001
 -1.650922677983e-001 -1.582606300604e+001
 -1.650922677992e-001 -1.582606300604e+001
 -1.650922678001e-001 -1.582606300604e+001
 -1.650922678010e-001 -1.582606300604e+001
 -1.650922678020e-001 -1.582606300604e+001
 -1.650922678029e-001 -1.582606300604e+001
 -1.650922678038e-001 -1.582606300604e+001
 -1.650922678047e-001 -1.582606300604e+001
 -1.650922678056e-001 -1.582606300604e+001
 -1.650922678066e-001 -1.582606300604e+001
 -1.650922678075e-001 -1.582606300604e+001
 -1.650922678084e-001 -1.582606300603e+001
 -1.650922678094e-001 -1.582606300603e+001
 -1.650922678103e-001 -1.582606300603e+001
 -1.650922678112e-001 -1.582606300603e+001
 -1.650922678122e-001 -1.582606300603e+001
 -1.650922678131e-001 -1.582606300603e+001
 -1.650922678140e-001 -1.582606300603e+001
 -1.650922678150e-001 -1.582606300603e+001
 -1.650922678159e-001 -1.582606300603e+001
 -1.650922678169e-001 -1.582606300603e+001
 -1.650922678178e-001 -1.582606300603e+001
 -1.650922678188e-001 -1.582606300603e+001
 -1.650922678197e-001 -1.582606300603e+001
 -1.650922678207e-001 -1.582606300603e+001
 -1.650922678216e-001 -1.582606300602e+001
 -1.650922678226e-001 -1.582606300602e+001
 -1.650922678236e-001 -1.582606300602e+001
 -1.650922678245e-001 -1.582606300602e+001
 -1.650922678255e-001 -1.582606300602e+001
 -1.650922678265e-001 -1.582606300602e+001
 -1.650922678274e-001 -1.582606300602e+001
 -1.650922678284e-001 -1.582606300602e+001
 -1.650922678294e-001 -1.582606300602e+001
 -1.650922678304e-001 -1.582606300602e+001
 -1.650922678313e-001 -1.582606300602e+001
 -1.650922678323e-001 -1.582606300602e+001
 -1.650922678333e-001 -1.582606300602e+001
 -1.650922678343e-001 -1.582606300602e+001
 -1.650922678353e-001 -1.582606300601e+001
 -1.650922678363e-001 -1.582606300601e+001
 -1.650922678373e-001 -1.582606300601e+001
 -1.650922678382e-001 -1.582606300601e+001
 -1.650922678392e-001 -1.582606300601e+001
 -1.650922678402e-001 -1.582606300601e+001
 -1.650922678412e-001 -1.582606300601e+001
 -1.650922678422e-001 -1.582606300601e+001
 -1.650922678432e-001 -1.582606300601e+001
 -1.650922678442e-001 -1.582606300601e+001
 -1.650922678452e-001 -1.582606300601e+001
 -1.650922678463e-001 -1.582606300601e+001
 -1.650922678473e-001 -1.582606300601e+001
 -1.650922678483e-001 -1.582606300600e+001
 -1.650922678493e-001 -1.582606300600e+001
 -1.650922678503e-001 -1.582606300600e+001
 -1.650922678513e-001 -1.582606300600e+001
 -1.650922678524e-001 -1.582606300600e+001
 -1.650922678534e-001 -1.582606300600e+001
 -1.650922678544e-001 -1.582606300600e+001
 -1.650922678554e-001 -1.582606300600e+001
 -1.650922678565e-001 -1.582606300600e+001
 -1.650922678575e-001 -1.582606300600e+001
 -1.650922678585e-001 -1.582606300600e+001
 -1.650922678596e-001 -1.582606300600e+001
 -1.650922678606e-001 -1.582606300600e+001
 -1.650922678616e-001 -1.582606300599e+001
 -1.650922678627e-001 -1.582606300599e+001
 -1.650922678637e-001 -1.582606300599e+001
 -1.650922678648e-001 -1.582606300599e+001
 -1.650922678658e-001 -1.582606300599e+001
 -1.650922678669e-001 -1.582606300599e+001
 -1.650922678679e-001 -1.582606300599e+001
 -1.650922678690e-001 -1.582606300599e+001
 -1.650922678700e-001 -1.582606300599e+001
 -1.650922678711e-001 -1.582606300599e+001
 -1.650922678721e-001 -1.582606300599e+001
 -1.650922678732e-001 -1.582606300599e+001
 -1.650922678743e-001 -1.582606300599e+001
 -1.650922678753e-001 -1.582606300598e+001
 -1.650922678764e-001 -1.582606300598e+001
 -1.650922678775e-001 -1.582606300598e+001
 -1.650922678785e-001 -1.582606300598e+001
 -1.650922678796e-001 -1.582606300598e+001
 -1.650922678807e-001 -1.582606300598e+001
 -1.650922678818e-001 -1.582606300598e+001
 -1.650922678828e-001 -1.582606300598e+001
 -1.650922678839e-001 -1.582606300598e+001
 -1.650922678850e-001 -1.582606300598e+001
 -1.650922678861e-001 -1.582606300598e+001
 -1.650922678872e-001 -1.582606300598e+001
 -1.650922678883e-001 -1.582606300598e+001
 -1.650922678894e-001 -1.582606300597e+001
 -1.650922678905e-001 -1.582606300597e+001
 -1.650922678916e-001 -1.582606300597e+001
 -1.650922678927e-001 -1.582606300597e+001
 -1.650922678938e-001 -1.582606300597e+001
 -1.650922678949e-001 -1.582606300597e+001
 -1.650922678960e-001 -1.582606300597e+001
 -1.650922678971e-001 -1.582606300597e+001
 -1.650922678982e-001 -1.582606300597e+001
 -1.650922678993e-001 -1.582606300597e+001
 -1.650922679004e-001 -1.582606300597e+001
 -1.650922679015e-001 -1.582606300597e+001
 -1.650922679026e-001 -1.582606300596e+001
 -1.650922679037e-001 -1.582606300596e+001
 -1.650922679049e-001 -1.582606300596e+001
 -1.650922679060e-001 -1.582606300596e+001
 -1.650922679071e-001 -1.582606300596e+001
 -1.650922679082e-001 -1.582606300596e+001
 -1.650922679094e-001 -1.582606300596e+001
 -1.650922679105e-001 -1.582606300596e+001
 -1.650922679116e-001 -1.582606300596e+001
 -1.650922679128e-001 -1.582606300596e+001
 -1.650922679139e-001 -1.582606300596e+001
 -1.650922679150e-001 -1.582606300596e+001
 -1.650922679162e-001 -1.582606300595e+001
 -1.650922679173e-001 -1.582606300595e+001
 -1.650922679185e-001 -1.582606300595e+001
 -1.650922679196e-001 -1.582606300595e+001
 -1.650922679208e-001 -1.582606300595e+001
 -1.650922679219e-001 -1.582606300595e+001
 -1.650922679231e-001 -1.582606300595e+001
 -1.650922679242e-001 -1.582606300595e+001
 -1.650922679254e-001 -1.582606300595e+001
 -1.650922679265e-001 -1.582606300595e+001
 -1.650922679277e-001 -1.582606300595e+001
 -1.650922679289e-001 -1.582606300594e+001
 -1.650922679300e-001 -1.582606300594e+001
 -1.650922679312e-001 -1.582606300594e+001
 -1.650922679324e-001 -1.582606300594e+001
 -1.650922679335e-001 -1.582606300594e+001
 -1.650922679347e-001 -1.582606300594e+001
 -1.650922679359e-001 -1.582606300594e+001
 -1.650922679371e-001 -1.582606300594e+001
 -1.650922679382e-001 -1.582606300594e+001
 -1.650922679394e-001 -1.582606300594e+001
 -1.650922679406e-001 -1.582606300594e+001
 -1.650922679418e-001 -1.582606300594e+001
 -1.650922679430e-001 -1.582606300593e+001
 -1.650922679442e-001 -1.582606300593e+001
 -1.650922679454e-001 -1.582606300593e+001
 -1.650922679466e-001 -1.582606300593e+001
 -1.650922679478e-001 -1.582606300593e+001
 -1.650922679490e-001 -1.582606300593e+001
 -1.650922679502e-001 -1.582606300593e+001
 -1.650922679514e-001 -1.582606300593e+001
 -1.650922679526e-001 -1.582606300593e+001
 -1.650922679538e-001 -1.582606300593e+001
 -1.650922679550e-001 -1.582606300593e+001
 -1.650922679562e-001 -1.582606300592e+001
 -1.650922679574e-001 -1.582606300592e+001
 -1.650922679586e-001 -1.582606300592e+001
 -1.650922679598e-001 -1.582606300592e+001
 -1.650922679610e-001 -1.582606300592e+001
 -1.650922679623e-001 -1.582606300592e+001
 -1.650922679635e-001 -1.582606300592e+001
 -1.650922679647e-001 -1.582606300592e+001
 -1.650922679659e-001 -1.582606300592e+001
 -1.650922679672e-001 -1.582606300592e+001
 -1.650922679684e-001 -1.582606300592e+001
 -1.650922679696e-001 -1.582606300591e+001
 -1.650922679709e-001 -1.582606300591e+001
 -1.650922679721e-001 -1.582606300591e+001
 -1.650922679733e-001 -1.582606300591e+001
 -1.650922679746e-001 -1.582606300591e+001
 -1.650922679758e-001 -1.582606300591e+001
 -1.650922679771e-001 -1.582606300591e+001
 -1.650922679783e-001 -1.582606300591e+001
 -1.650922679796e-001 -1.582606300591e+001
 -1.650922679808e-001 -1.582606300591e+001
 -1.650922679821e-001 -1.582606300591e+001
 -1.650922679833e-001 -1.582606300590e+001
 -1.650922679846e-001 -1.582606300590e+001
 -1.650922679858e-001 -1.582606300590e+001
 -1.650922679871e-001 -1.582606300590e+001
 -1.650922679884e-001 -1.582606300590e+001
 -1.650922679896e-001 -1.582606300590e+001
 -1.650922679909e-001 -1.582606300590e+001
 -1.650922679922e-001 -1.582606300590e+001
 -1.650922679934e-001 -1.582606300590e+001
 -1.650922679947e-001 -1.582606300590e+001
 -1.650922679960e-001 -1.582606300589e+001
 -1.650922679972e-001 -1.582606300589e+001
 -1.650922679985e-001 -1.582606300589e+001
 -1.650922679998e-001 -1.582606300589e+001
 -1.650922680011e-001 -1.582606300589e+001
 -1.650922680024e-001 -1.582606300589e+001
 -1.650922680037e-001 -1.582606300589e+001
 -1.650922680050e-001 -1.582606300589e+001
 -1.650922680062e-001 -1.582606300589e+001
 -1.650922680075e-001 -1.582606300589e+001
 -1.650922680088e-001 -1.582606300589e+001
 -1.650922680101e-001 -1.582606300588e+001
 -1.650922680114e-001 -1.582606300588e+001
 -1.650922680127e-001 -1.582606300588e+001
 -1.650922680140e-001 -1.582606300588e+001
 -1.650922680153e-001 -1.582606300588e+001
 -1.650922680166e-001 -1.582606300588e+001
 -1.650922680180e-001 -1.582606300588e+001
 -1.650922680193e-001 -1.582606300588e+001
 -1.650922680206e-001 -1.582606300588e+001
 -1.650922680219e-001 -1.582606300588e+001
 -1.650922680232e-001 -1.582606300587e+001
 -1.650922680245e-001 -1.582606300587e+001
 -1.650922680259e-001 -1.582606300587e+001
 -1.650922680272e-001 -1.582606300587e+001
 -1.650922680285e-001 -1.582606300587e+001
 -1.650922680298e-001 -1.582606300587e+001
 -1.650922680312e-001 -1.582606300587e+001
 -1.650922680325e-001 -1.582606300587e+001
 -1.650922680338e-001 -1.582606300587e+001
 -1.650922680352e-001 -1.582606300587e+001
 -1.650922680365e-001 -1.582606300586e+001
 -1.650922680378e-001 -1.582606300586e+001
 -1.650922680392e-001 -1.582606300586e+001
 -1.650922680405e-001 -1.582606300586e+001
 -1.650922680419e-001 -1.582606300586e+001
 -1.650922680432e-001 -1.582606300586e+001
 -1.650922680446e-001 -1.582606300586e+001
 -1.650922680459e-001 -1.582606300586e+001
 -1.650922680473e-001 -1.582606300586e+001
 -1.650922680486e-001 -1.582606300586e+001
 -1.650922680500e-001 -1.582606300585e+001
 -1.650922680514e-001 -1.582606300585e+001
 -1.650922680527e-001 -1.582606300585e+001
 -1.650922680541e-001 -1.582606300585e+001
 -1.650922680554e-001 -1.582606300585e+001
 -1.650922680568e-001 -1.582606300585e+001
 -1.650922680582e-001 -1.582606300585e+001
 -1.650922680596e-001 -1.582606300585e+001
 -1.650922680609e-001 -1.582606300585e+001
 -1.650922680623e-001 -1.582606300585e+001
 -1.650922680637e-001 -1.582606300584e+001
 -1.650922680651e-001 -1.582606300584e+001
 -1.650922680664e-001 -1.582606300584e+001
 -1.650922680678e-001 -1.582606300584e+001
 -1.650922680692e-001 -1.582606300584e+001
 -1.650922680706e-001 -1.582606300584e+001
 -1.650922680720e-001 -1.582606300584e+001
 -1.650922680734e-001 -1.582606300584e+001
 -1.650922680748e-001 -1.582606300584e+001
 -1.650922680762e-001 -1.582606300583e+001
 -1.650922680776e-001 -1.582606300583e+001
 -1.650922680790e-001 -1.582606300583e+001
 -1.650922680804e-001 -1.582606300583e+001
 -1.650922680818e-001 -1.582606300583e+001
 -1.650922680832e-001 -1.582606300583e+001
 -1.650922680846e-001 -1.582606300583e+001
 -1.650922680860e-001 -1.582606300583e+001
 -1.650922680874e-001 -1.582606300583e+001
 -1.650922680888e-001 -1.582606300583e+001
 -1.650922680903e-001 -1.582606300582e+001
 -1.650922680917e-001 -1.582606300582e+001
 -1.650922680931e-001 -1.582606300582e+001
 -1.650922680945e-001 -1.582606300582e+001
 -1.650922680960e-001 -1.582606300582e+001
 -1.650922680974e-001 -1.582606300582e+001
 -1.650922680988e-001 -1.582606300582e+001
 -1.650922681002e-001 -1.582606300582e+001
 -1.650922681017e-001 -1.582606300582e+001
 -1.650922681031e-001 -1.582606300581e+001
 -1.650922681045e-001 -1.582606300581e+001
 -1.650922681060e-001 -1.582606300581e+001
 -1.650922681074e-001 -1.582606300581e+001
 -1.650922681089e-001 -1.582606300581e+001
 -1.650922681103e-001 -1.582606300581e+001
 -1.650922681118e-001 -1.582606300581e+001
 -1.650922681132e-001 -1.582606300581e+001
 -1.650922681147e-001 -1.582606300581e+001
 -1.650922681161e-001 -1.582606300580e+001
 -1.650922681176e-001 -1.582606300580e+001
 -1.650922681190e-001 -1.582606300580e+001
 -1.650922681205e-001 -1.582606300580e+001
 -1.650922681220e-001 -1.582606300580e+001
 -1.650922681234e-001 -1.582606300580e+001
 -1.650922681249e-001 -1.582606300580e+001
 -1.650922681264e-001 -1.582606300580e+001
 -1.650922681278e-001 -1.582606300580e+001
 -1.650922681293e-001 -1.582606300580e+001
 -1.650922681308e-001 -1.582606300579e+001
 -1.650922681322e-001 -1.582606300579e+001
 -1.650922681337e-001 -1.582606300579e+001
 -1.650922681352e-001 -1.582606300579e+001
 -1.650922681367e-001 -1.582606300579e+001
 -1.650922681382e-001 -1.582606300579e+001
 -1.650922681397e-001 -1.582606300579e+001
 -1.650922681411e-001 -1.582606300579e+001
 -1.650922681426e-001 -1.582606300579e+001
 -1.650922681441e-001 -1.582606300578e+001
 -1.650922681456e-001 -1.582606300578e+001
 -1.650922681471e-001 -1.582606300578e+001
 -1.650922681486e-001 -1.582606300578e+001
 -1.650922681501e-001 -1.582606300578e+001
 -1.650922681516e-001 -1.582606300578e+001
 -1.650922681531e-001 -1.582606300578e+001
 -1.650922681546e-001 -1.582606300578e+001
 -1.650922681561e-001 -1.582606300578e+001
 -1.650922681576e-001 -1.582606300577e+001
 -1.650922681592e-001 -1.582606300577e+001
 -1.650922681607e-001 -1.582606300577e+001
 -1.650922681622e-001 -1.582606300577e+001
 -1.650922681637e-001 -1.582606300577e+001
 -1.650922681652e-001 -1.582606300577e+001
 -1.650922681668e-001 -1.582606300577e+001
 -1.650922681683e-001 -1.582606300577e+001
 -1.650922681698e-001 -1.582606300576e+001
 -1.650922681713e-001 -1.582606300576e+001
 -1.650922681729e-001 -1.582606300576e+001
 -1.650922681744e-001 -1.582606300576e+001
 -1.650922681759e-001 -1.582606300576e+001
 -1.650922681775e-001 -1.582606300576e+001
 -1.650922681790e-001 -1.582606300576e+001
 -1.650922681805e-001 -1.582606300576e+001
 -1.650922681821e-001 -1.582606300576e+001
 -1.650922681836e-001 -1.582606300575e+001
 -1.650922681852e-001 -1.582606300575e+001
 -1.650922681867e-001 -1.582606300575e+001
 -1.650922681883e-001 -1.582606300575e+001
 -1.650922681898e-001 -1.582606300575e+001
 -1.650922681914e-001 -1.582606300575e+001
 -1.650922681930e-001 -1.582606300575e+001
 -1.650922681945e-001 -1.582606300575e+001
 -1.650922681961e-001 -1.582606300575e+001
 -1.650922681976e-001 -1.582606300574e+001
 -1.650922681992e-001 -1.582606300574e+001
 -1.650922682008e-001 -1.582606300574e+001
 -1.650922682023e-001 -1.582606300574e+001
 -1.650922682039e-001 -1.582606300574e+001
 -1.650922682055e-001 -1.582606300574e+001
 -1.650922682071e-001 -1.582606300574e+001
 -1.650922682086e-001 -1.582606300574e+001
 -1.650922682102e-001 -1.582606300573e+001
 -1.650922682118e-001 -1.582606300573e+001
 -1.650922682134e-001 -1.582606300573e+001
 -1.650922682150e-001 -1.582606300573e+001
 -1.650922682166e-001 -1.582606300573e+001
 -1.650922682181e-001 -1.582606300573e+001
 -1.650922682197e-001 -1.582606300573e+001
 -1.650922682213e-001 -1.582606300573e+001
 -1.650922682229e-001 -1.582606300573e+001
 -1.650922682245e-001 -1.582606300572e+001
 -1.650922682261e-001 -1.582606300572e+001
 -1.650922682277e-001 -1.582606300572e+001
 -1.650922682293e-001 -1.582606300572e+001
 -1.650922682309e-001 -1.582606300572e+001
 -1.650922682325e-001 -1.582606300572e+001
 -1.650922682342e-001 -1.582606300572e+001
 -1.650922682358e-001 -1.582606300572e+001
 -1.650922682374e-001 -1.582606300571e+001
 -1.650922682390e-001 -1.582606300571e+001
 -1.650922682406e-001 -1.582606300571e+001
 -1.650922682422e-001 -1.582606300571e+001
 -1.650922682439e-001 -1.582606300571e+001
 -1.650922682455e-001 -1.582606300571e+001
 -1.650922682471e-001 -1.582606300571e+001
 -1.650922682487e-001 -1.582606300571e+001
 -1.650922682504e-001 -1.582606300570e+001
 -1.650922682520e-001 -1.582606300570e+001
 -1.650922682536e-001 -1.582606300570e+001
 -1.650922682553e-001 -1.582606300570e+001
 -1.650922682569e-001 -1.582606300570e+001
 -1.650922682585e-001 -1.582606300570e+001
 -1.650922682602e-001 -1.582606300570e+001
 -1.650922682618e-001 -1.582606300570e+001
 -1.650922682635e-001 -1.582606300569e+001
 -1.650922682651e-001 -1.582606300569e+001
 -1.650922682668e-001 -1.582606300569e+001
 -1.650922682684e-001 -1.582606300569e+001
 -1.650922682701e-001 -1.582606300569e+001
 -1.650922682717e-001 -1.582606300569e+001
 -1.650922682734e-001 -1.582606300569e+001
 -1.650922682751e-001 -1.582606300569e+001
 -1.650922682767e-001 -1.582606300568e+001
 -1.650922682784e-001 -1.582606300568e+001
 -1.650922682801e-001 -1.582606300568e+001
 -1.650922682817e-001 -1.582606300568e+001
 -1.650922682834e-001 -1.582606300568e+001
 -1.650922682851e-001 -1.582606300568e+001
 -1.650922682868e-001 -1.582606300568e+001
 -1.650922682884e-001 -1.582606300568e+001
 -1.650922682901e-001 -1.582606300567e+001
 -1.650922682918e-001 -1.582606300567e+001
 -1.650922682935e-001 -1.582606300567e+001
 -1.650922682952e-001 -1.582606300567e+001
 -1.650922682968e-001 -1.582606300567e+001
 -1.650922682985e-001 -1.582606300567e+001
 -1.650922683002e-001 -1.582606300567e+001
 -1.650922683019e-001 -1.582606300567e+001
 -1.650922683036e-001 -1.582606300566e+001
 -1.650922683053e-001 -1.582606300566e+001
 -1.650922683070e-001 -1.582606300566e+001
 -1.650922683087e-001 -1.582606300566e+001
 -1.650922683104e-001 -1.582606300566e+001
 -1.650922683121e-001 -1.582606300566e+001
 -1.650922683138e-001 -1.582606300566e+001
 -1.650922683155e-001 -1.582606300566e+001
 -1.650922683173e-001 -1.582606300565e+001
 -1.650922683190e-001 -1.582606300565e+001
 -1.650922683207e-001 -1.582606300565e+001
 -1.650922683224e-001 -1.582606300565e+001
 -1.650922683241e-001 -1.582606300565e+001
 -1.650922683258e-001 -1.582606300565e+001
 -1.650922683276e-001 -1.582606300565e+001
 -1.650922683293e-001 -1.582606300565e+001
 -1.650922683310e-001 -1.582606300564e+001
 -1.650922683327e-001 -1.582606300564e+001
 -1.650922683345e-001 -1.582606300564e+001
 -1.650922683362e-001 -1.582606300564e+001
 -1.650922683379e-001 -1.582606300564e+001
 -1.650922683397e-001 -1.582606300564e+001
 -1.650922683414e-001 -1.582606300564e+001
 -1.650922683432e-001 -1.582606300564e+001
 -1.650922683449e-001 -1.582606300563e+001
 -1.650922683467e-001 -1.582606300563e+001
 -1.650922683484e-001 -1.582606300563e+001
 -1.650922683502e-001 -1.582606300563e+001
 -1.650922683519e-001 -1.582606300563e+001
 -1.650922683537e-001 -1.582606300563e+001
 -1.650922683554e-001 -1.582606300563e+001
 -1.650922683572e-001 -1.582606300562e+001
 -1.650922683589e-001 -1.582606300562e+001
 -1.650922683607e-001 -1.582606300562e+001
 -1.650922683625e-001 -1.582606300562e+001
 -1.650922683642e-001 -1.582606300562e+001
 -1.650922683660e-001 -1.582606300562e+001
 -1.650922683678e-001 -1.582606300562e+001
 -1.650922683695e-001 -1.582606300562e+001
 -1.650922683713e-001 -1.582606300561e+001
 -1.650922683731e-001 -1.582606300561e+001
 -1.650922683749e-001 -1.582606300561e+001
 -1.650922683767e-001 -1.582606300561e+001
 -1.650922683784e-001 -1.582606300561e+001
 -1.650922683802e-001 -1.582606300561e+001
 -1.650922683820e-001 -1.582606300561e+001
 -1.650922683838e-001 -1.582606300560e+001
 -1.650922683856e-001 -1.582606300560e+001
 -1.650922683874e-001 -1.582606300560e+001
 -1.650922683892e-001 -1.582606300560e+001
 -1.650922683910e-001 -1.582606300560e+001
 -1.650922683928e-001 -1.582606300560e+001
 -1.650922683946e-001 -1.582606300560e+001
 -1.650922683964e-001 -1.582606300560e+001
 -1.650922683982e-001 -1.582606300559e+001
 -1.650922684000e-001 -1.582606300559e+001
 -1.650922684018e-001 -1.582606300559e+001
 -1.650922684036e-001 -1.582606300559e+001
 -1.650922684054e-001 -1.582606300559e+001
 -1.650922684072e-001 -1.582606300559e+001
 -1.650922684091e-001 -1.582606300559e+001
 -1.650922684109e-001 -1.582606300558e+001
 -1.650922684127e-001 -1.582606300558e+001
 -1.650922684145e-001 -1.582606300558e+001
 -1.650922684163e-001 -1.582606300558e+001
 -1.650922684182e-001 -1.582606300558e+001
 -1.650922684200e-001 -1.582606300558e+001
 -1.650922684218e-001 -1.582606300558e+001
 -1.650922684237e-001 -1.582606300558e+001
 -1.650922684255e-001 -1.582606300557e+001
 -1.650922684273e-001 -1.582606300557e+001
 -1.650922684292e-001 -1.582606300557e+001
 -1.650922684310e-001 -1.582606300557e+001
 -1.650922684329e-001 -1.582606300557e+001
 -1.650922684347e-001 -1.582606300557e+001
 -1.650922684366e-001 -1.582606300557e+001
 -1.650922684384e-001 -1.582606300556e+001
 -1.650922684403e-001 -1.582606300556e+001
 -1.650922684421e-001 -1.582606300556e+001
 -1.650922684440e-001 -1.582606300556e+001
 -1.650922684458e-001 -1.582606300556e+001
 -1.650922684477e-001 -1.582606300556e+001
 -1.650922684496e-001 -1.582606300556e+001
 -1.650922684514e-001 -1.582606300555e+001
 -1.650922684533e-001 -1.582606300555e+001
 -1.650922684552e-001 -1.582606300555e+001
 -1.650922684570e-001 -1.582606300555e+001
 -1.650922684589e-001 -1.582606300555e+001
 -1.650922684608e-001 -1.582606300555e+001
 -1.650922684626e-001 -1.582606300555e+001
 -1.650922684645e-001 -1.582606300554e+001
 -1.650922684664e-001 -1.582606300554e+001
 -1.650922684683e-001 -1.582606300554e+001
 -1.650922684702e-001 -1.582606300554e+001
 -1.650922684721e-001 -1.582606300554e+001
 -1.650922684739e-001 -1.582606300554e+001
 -1.650922684758e-001 -1.582606300554e+001
 -1.650922684777e-001 -1.582606300553e+001
 -1.650922684796e-001 -1.582606300553e+001
 -1.650922684815e-001 -1.582606300553e+001
 -1.650922684834e-001 -1.582606300553e+001
 -1.650922684853e-001 -1.582606300553e+001
 -1.650922684872e-001 -1.582606300553e+001
 -1.650922684891e-001 -1.582606300553e+001
 -1.650922684910e-001 -1.582606300552e+001
 -1.650922684929e-001 -1.582606300552e+001
 -1.650922684949e-001 -1.582606300552e+001
 -1.650922684968e-001 -1.582606300552e+001
 -1.650922684987e-001 -1.582606300552e+001
 -1.650922685006e-001 -1.582606300552e+001
 -1.650922685025e-001 -1.582606300552e+001
 -1.650922685044e-001 -1.582606300551e+001
 -1.650922685064e-001 -1.582606300551e+001
 -1.650922685083e-001 -1.582606300551e+001
 -1.650922685102e-001 -1.582606300551e+001
 -1.650922685121e-001 -1.582606300551e+001
 -1.650922685141e-001 -1.582606300551e+001
 -1.650922685160e-001 -1.582606300551e+001
 -1.650922685179e-001 -1.582606300550e+001
 -1.650922685199e-001 -1.582606300550e+001
 -1.650922685218e-001 -1.582606300550e+001
 -1.650922685238e-001 -1.582606300550e+001
 -1.650922685257e-001 -1.582606300550e+001
 -1.650922685276e-001 -1.582606300550e+001
 -1.650922685296e-001 -1.582606300550e+001
 -1.650922685315e-001 -1.582606300549e+001
 -1.650922685335e-001 -1.582606300549e+001
 -1.650922685355e-001 -1.582606300549e+001
 -1.650922685374e-001 -1.582606300549e+001
 -1.650922685394e-001 -1.582606300549e+001
 -1.650922685413e-001 -1.582606300549e+001
 -1.650922685433e-001 -1.582606300549e+001
 -1.650922685452e-001 -1.582606300548e+001
 -1.650922685472e-001 -1.582606300548e+001
 -1.650922685492e-001 -1.582606300548e+001
 -1.650922685512e-001 -1.582606300548e+001
 -1.650922685531e-001 -1.582606300548e+001
 -1.650922685551e-001 -1.582606300548e+001
 -1.650922685571e-001 -1.582606300548e+001
 -1.650922685591e-001 -1.582606300547e+001
 -1.650922685610e-001 -1.582606300547e+001
 -1.650922685630e-001 -1.582606300547e+001
 -1.650922685650e-001 -1.582606300547e+001
 -1.650922685670e-001 -1.582606300547e+001
 -1.650922685690e-001 -1.582606300547e+001
 -1.650922685710e-001 -1.582606300547e+001
 -1.650922685730e-001 -1.582606300546e+001
 -1.650922685749e-001 -1.582606300546e+001
 -1.650922685769e-001 -1.582606300546e+001
 -1.650922685789e-001 -1.582606300546e+001
 -1.650922685809e-001 -1.582606300546e+001
 -1.650922685829e-001 -1.582606300546e+001
 -1.650922685849e-001 -1.582606300545e+001
 -1.650922685870e-001 -1.582606300545e+001
 -1.650922685890e-001 -1.582606300545e+001
 -1.650922685910e-001 -1.582606300545e+001
 -1.650922685930e-001 -1.582606300545e+001
 -1.650922685950e-001 -1.582606300545e+001
 -1.650922685970e-001 -1.582606300545e+001
 -1.650922685990e-001 -1.582606300544e+001
 -1.650922686011e-001 -1.582606300544e+001
 -1.650922686031e-001 -1.582606300544e+001
 -1.650922686051e-001 -1.582606300544e+001
 -1.650922686071e-001 -1.582606300544e+001
 -1.650922686092e-001 -1.582606300544e+001
