 -1.650922675953e-001 -1.582606300619e+001
 -1.650922675958e-001 -1.582606300619e+001
 -1.650922675971e-001 -1.582606300619e+001
 -1.650922675992e-001 -1.582606300619e+001
 -1.650922676023e-001 -1.582606300619e+001
 -1.650922676062e-001 -1.582606300619e+001
 -1.650922676110e-001 -1.582606300618e+001
 -1.650922676166e-001 -1.582606300618e+001
 -1.650922676231e-001 -1.582606300617e+001
 -1.650922676305e-001 -1.582606300617e+001
 -1.650922676388e-001 -1.582606300616e+001
 -1.650922676479e-001 -1.582606300615e+001
 -1.650922676579e-001 -1.582606300615e+001
 -1.650922676687e-001 -1.582606300614e+001
 -1.650922676804e-001 -1.582606300613e+001
 -1.650922676930e-001 -1.582606300612e+001
 -1.650922677065e-001 -1.582606300611e+001
 -1.650922677208e-001 -1.582606300610e+001
 -1.650922677360e-001 -1.582606300609e+001
 -1.650922677521e-001 -1.582606300608e+001
 -1.650922677690e-001 -1.582606300606e+001
 -1.650922677868e-001 -1.582606300605e+001
 -1.650922678055e-001 -1.582606300604e+001
 -1.650922678251e-001 -1.582606300602e+001
 -1.650922678455e-001 -1.582606300601e+001
 -1.650922678667e-001 -1.582606300599e+001
 -1.650922678889e-001 -1.582606300597e+001
 -1.650922679119e-001 -1.582606300596e+001
 -1.650922679358e-001 -1.582606300594e+001
 -1.650922679606e-001 -1.582606300592e+001
 -1.650922679862e-001 -1.582606300590e+001
 -1.650922680127e-001 -1.582606300588e+001
 -1.650922680400e-001 -1.582606300586e+001
 -1.650922680682e-001 -1.582606300584e+001
 -1.650922680973e-001 -1.582606300582e+001
 -1.650922681273e-001 -1.582606300580e+001
 -1.650922681581e-001 -1.582606300577e+001
 -1.650922681898e-001 -1.582606300575e+001
 -1.650922682224e-001 -1.582606300573e+001
 -1.650922682559e-001 -1.582606300570e+001
 -1.650922682902e-001 -1.582606300567e+001
 -1.650922683253e-001 -1.582606300565e+001
 -1.650922683614e-001 -1.582606300562e+001
 -1.650922683983e-001 -1.582606300559e+001
 -1.650922684361e-001 -1.582606300557e+001
 -1.650922684747e-001 -1.582606300554e+001
 -1.650922685142e-001 -1.582606300551e+001
 -1.650922685546e-001 -1.582606300548e+001
 -1.650922685959e-001 -1.582606300545e+001
 -1.650922686380e-001 -1.582606300542e+001
 -1.650922686810e-001 -1.582606300538e+001
 -1.650922687249e-001 -1.582606300535e+001
 -1.650922687696e-001 -1.582606300532e+001
 -1.650922688152e-001 -1.582606300528e+001
 -1.650922688617e-001 -1.582606300525e+001
 -1.650922689090e-001 -1.582606300521e+001
 -1.650922689572e-001 -1.582606300518e+001
 -1.650922690063e-001 -1.582606300514e+001
 -1.650922690562e-001 -1.582606300510e+001
 -1.650922691070e-001 -1.582606300506e+001
 -1.650922691587e-001 -1.582606300503e+001
 -1.650922692112e-001 -1.582606300499e+001
 -1.650922692647e-001 -1.582606300495e+001
 -1.650922693189e-001 -1.582606300491e+001
 -1.650922693741e-001 -1.582606300487e+001
 -1.650922694301e-001 -1.582606300482e+001
 -1.650922694870e-001 -1.582606300478e+001
 -1.650922695448e-001 -1.582606300474e+001
 -1.650922696034e-001 -1.582606300469e+001
 -1.650922696629e-001 -1.582606300465e+001
 -1.650922697232e-001 -1.582606300460e+001
 -1.650922697845e-001 -1.582606300456e+001
 -1.650922698466e-001 -1.582606300451e+001
 -1.650922699095e-001 -1.582606300447e+001
 -1.650922699734e-001 -1.582606300442e+001
 -1.650922700381e-001 -1.582606300437e+001
 -1.650922701037e-001 -1.582606300432e+001
 -1.650922701701e-001 -1.582606300427e+001
 -1.650922702374e-001 -1.582606300422e+001
 -1.650922703056e-001 -1.582606300417e+001
 -1.650922703746e-001 -1.582606300412e+001
 -1.650922704446e-001 -1.582606300407e+001
 -1.650922705153e-001 -1.582606300401e+001
 -1.650922705870e-001 -1.582606300396e+001
 -1.650922706595e-001 -1.582606300391e+001
 -1.650922707329e-001 -1.582606300385e+001
 -1.650922708072e-001 -1.582606300379e+001
 -1.650922708823e-001 -1.582606300374e+001
 -1.650922709583e-001 -1.582606300368e+001
 -1.650922710352e-001 -1.582606300362e+001
 -1.650922711129e-001 -1.582606300357e+001
 -1.650922711915e-001 -1.582606300351e+001
 -1.650922712710e-001 -1.582606300345e+001
 -1.650922713513e-001 -1.582606300339e+001
 -1.650922714325e-001 -1.582606300333e+001
 -1.650922715146e-001 -1.582606300327e+001
 -1.650922715975e-001 -1.582606300320e+001
 -1.650922716814e-001 -1.582606300314e+001
 -1.650922717660e-001 -1.582606300308e+001
 -1.650922718516e-001 -1.582606300301e+001
 -1.650922719380e-001 -1.582606300295e+001
 -1.650922720253e-001 -1.582606300288e+001
 -1.650922721135e-001 -1.582606300282e+001
 -1.650922722025e-001 -1.582606300275e+001
 -1.650922722924e-001 -1.582606300269e+001
 -1.650922723831e-001 -1.582606300262e+001
 -1.650922724748e-001 -1.582606300255e+001
 -1.650922725673e-001 -1.582606300248e+001
 -1.650922726606e-001 -1.582606300241e+001
 -1.650922727549e-001 -1.582606300234e+001
 -1.650922728500e-001 -1.582606300227e+001
 -1.650922729459e-001 -1.582606300220e+001
 -1.650922730428e-001 -1.582606300212e+001
 -1.650922731405e-001 -1.582606300205e+001
 -1.650922732391e-001 -1.582606300198e+001
 -1.650922733385e-001 -1.582606300190e+001
 -1.650922734388e-001 -1.582606300183e+001
 -1.650922735400e-001 -1.582606300175e+001
 -1.650922736421e-001 -1.582606300168e+001
 -1.650922737450e-001 -1.582606300160e+001
 -1.650922738488e-001 -1.582606300152e+001
 -1.650922739534e-001 -1.582606300144e+001
 -1.650922740590e-001 -1.582606300137e+001
 -1.650922741654e-001 -1.582606300129e+001
 -1.650922742726e-001 -1.582606300121e+001
 -1.650922743808e-001 -1.582606300113e+001
 -1.650922744898e-001 -1.582606300104e+001
 -1.650922745996e-001 -1.582606300096e+001
 -1.650922747104e-001 -1.582606300088e+001
 -1.650922748220e-001 -1.582606300080e+001
 -1.650922749345e-001 -1.582606300071e+001
 -1.650922750478e-001 -1.582606300063e+001
 -1.650922751620e-001 -1.582606300054e+001
 -1.650922752771e-001 -1.582606300046e+001
 -1.650922753930e-001 -1.582606300037e+001
 -1.650922755099e-001 -1.582606300028e+001
 -1.650922756275e-001 -1.582606300019e+001
 -1.650922757461e-001 -1.582606300011e+001
 -1.650922758655e-001 -1.582606300002e+001
 -1.650922759858e-001 -1.582606299993e+001
 -1.650922761070e-001 -1.582606299984e+001
 -1.650922762290e-001 -1.582606299974e+001
 -1.650922763519e-001 -1.582606299965e+001
 -1.650922764757e-001 -1.582606299956e+001
 -1.650922766003e-001 -1.582606299947e+001
 -1.650922767258e-001 -1.582606299937e+001
 -1.650922768522e-001 -1.582606299928e+001
 -1.650922769794e-001 -1.582606299918e+001
 -1.650922771075e-001 -1.582606299909e+001
 -1.650922772365e-001 -1.582606299899e+001
 -1.650922773664e-001 -1.582606299890e+001
 -1.650922774971e-001 -1.582606299880e+001
 -1.650922776286e-001 -1.582606299870e+001
 -1.650922777611e-001 -1.582606299860e+001
 -1.650922778944e-001 -1.582606299850e+001
 -1.650922780286e-001 -1.582606299840e+001
 -1.650922781637e-001 -1.582606299830e+001
 -1.650922782996e-001 -1.582606299820e+001
 -1.650922784364e-001 -1.582606299810e+001
 -1.650922785740e-001 -1.582606299799e+001
 -1.650922787126e-001 -1.582606299789e+001
 -1.650922788520e-001 -1.582606299779e+001
 -1.650922789922e-001 -1.582606299768e+001
 -1.650922791334e-001 -1.582606299758e+001
 -1.650922792754e-001 -1.582606299747e+001
 -1.650922794183e-001 -1.582606299736e+001
 -1.650922795620e-001 -1.582606299726e+001
 -1.650922797066e-001 -1.582606299715e+001
 -1.650922798521e-001 -1.582606299704e+001
 -1.650922799984e-001 -1.582606299693e+001
 -1.650922801457e-001 -1.582606299682e+001
 -1.650922802937e-001 -1.582606299671e+001
 -1.650922804427e-001 -1.582606299660e+001
 -1.650922805925e-001 -1.582606299649e+001
 -1.650922807432e-001 -1.582606299637e+001
 -1.650922808948e-001 -1.582606299626e+001
 -1.650922810472e-001 -1.582606299615e+001
 -1.650922812005e-001 -1.582606299603e+001
 -1.650922813547e-001 -1.582606299592e+001
 -1.650922815097e-001 -1.582606299580e+001
 -1.650922816656e-001 -1.582606299568e+001
 -1.650922818224e-001 -1.582606299557e+001
 -1.650922819800e-001 -1.582606299545e+001
 -1.650922821385e-001 -1.582606299533e+001
 -1.650922822979e-001 -1.582606299521e+001
 -1.650922824581e-001 -1.582606299509e+001
 -1.650922826192e-001 -1.582606299497e+001
 -1.650922827812e-001 -1.582606299485e+001
 -1.650922829441e-001 -1.582606299473e+001
 -1.650922831078e-001 -1.582606299461e+001
 -1.650922832724e-001 -1.582606299448e+001
 -1.650922834378e-001 -1.582606299436e+001
 -1.650922836042e-001 -1.582606299424e+001
 -1.650922837714e-001 -1.582606299411e+001
 -1.650922839394e-001 -1.582606299399e+001
 -1.650922841084e-001 -1.582606299386e+001
 -1.650922842782e-001 -1.582606299373e+001
 -1.650922844488e-001 -1.582606299360e+001
 -1.650922846204e-001 -1.582606299348e+001
 -1.650922847928e-001 -1.582606299335e+001
 -1.650922849660e-001 -1.582606299322e+001
 -1.650922851402e-001 -1.582606299309e+001
 -1.650922853152e-001 -1.582606299296e+001
 -1.650922854911e-001 -1.582606299283e+001
 -1.650922856678e-001 -1.582606299269e+001
 -1.650922858454e-001 -1.582606299256e+001
 -1.650922860239e-001 -1.582606299243e+001
 -1.650922862033e-001 -1.582606299229e+001
 -1.650922863835e-001 -1.582606299216e+001
 -1.650922865646e-001 -1.582606299202e+001
 -1.650922867465e-001 -1.582606299189e+001
 -1.650922869294e-001 -1.582606299175e+001
 -1.650922871130e-001 -1.582606299161e+001
 -1.650922872976e-001 -1.582606299148e+001
 -1.650922874830e-001 -1.582606299134e+001
 -1.650922876693e-001 -1.582606299120e+001
 -1.650922878565e-001 -1.582606299106e+001
 -1.650922880446e-001 -1.582606299092e+001
 -1.650922882335e-001 -1.582606299078e+001
 -1.650922884232e-001 -1.582606299064e+001
 -1.650922886139e-001 -1.582606299049e+001
 -1.650922888054e-001 -1.582606299035e+001
 -1.650922889978e-001 -1.582606299021e+001
 -1.650922891910e-001 -1.582606299006e+001
 -1.650922893851e-001 -1.582606298992e+001
 -1.650922895801e-001 -1.582606298977e+001
 -1.650922897760e-001 -1.582606298963e+001
 -1.650922899727e-001 -1.582606298948e+001
 -1.650922901703e-001 -1.582606298933e+001
 -1.650922903688e-001 -1.582606298918e+001
 -1.650922905681e-001 -1.582606298903e+001
 -1.650922907683e-001 -1.582606298888e+001
 -1.650922909693e-001 -1.582606298873e+001
 -1.650922911713e-001 -1.582606298858e+001
 -1.650922913741e-001 -1.582606298843e+001
 -1.650922915778e-001 -1.582606298828e+001
 -1.650922917823e-001 -1.582606298813e+001
 -1.650922919877e-001 -1.582606298797e+001
 -1.650922921940e-001 -1.582606298782e+001
 -1.650922924011e-001 -1.582606298766e+001
 -1.650922926091e-001 -1.582606298751e+001
 -1.650922928180e-001 -1.582606298735e+001
 -1.650922930278e-001 -1.582606298720e+001
 -1.650922932384e-001 -1.582606298704e+001
 -1.650922934499e-001 -1.582606298688e+001
 -1.650922936622e-001 -1.582606298672e+001
 -1.650922938755e-001 -1.582606298656e+001
 -1.650922940896e-001 -1.582606298640e+001
 -1.650922943045e-001 -1.582606298624e+001
 -1.650922945203e-001 -1.582606298608e+001
 -1.650922947370e-001 -1.582606298592e+001
 -1.650922949546e-001 -1.582606298576e+001
 -1.650922951731e-001 -1.582606298559e+001
 -1.650922953924e-001 -1.582606298543e+001
 -1.650922956125e-001 -1.582606298527e+001
 -1.650922958336e-001 -1.582606298510e+001
 -1.650922960555e-001 -1.582606298494e+001
 -1.650922962783e-001 -1.582606298477e+001
 -1.650922965019e-001 -1.582606298460e+001
 -1.650922967264e-001 -1.582606298443e+001
 -1.650922969518e-001 -1.582606298427e+001
 -1.650922971781e-001 -1.582606298410e+001
 -1.650922974052e-001 -1.582606298393e+001
 -1.650922976332e-001 -1.582606298376e+001
 -1.650922978620e-001 -1.582606298359e+001
 -1.650922980918e-001 -1.582606298341e+001
 -1.650922983224e-001 -1.582606298324e+001
 -1.650922985538e-001 -1.582606298307e+001
 -1.650922987862e-001 -1.582606298290e+001
 -1.650922990194e-001 -1.582606298272e+001
 -1.650922992534e-001 -1.582606298255e+001
 -1.650922994884e-001 -1.582606298237e+001
 -1.650922997242e-001 -1.582606298219e+001
 -1.650922999609e-001 -1.582606298202e+001
 -1.650923001984e-001 -1.582606298184e+001
 -1.650923004368e-001 -1.582606298166e+001
 -1.650923006761e-001 -1.582606298148e+001
 -1.650923009162e-001 -1.582606298130e+001
 -1.650923011573e-001 -1.582606298112e+001
 -1.650923013991e-001 -1.582606298094e+001
 -1.650923016419e-001 -1.582606298076e+001
 -1.650923018855e-001 -1.582606298058e+001
 -1.650923021300e-001 -1.582606298040e+001
 -1.650923023754e-001 -1.582606298021e+001
 -1.650923026216e-001 -1.582606298003e+001
 -1.650923028687e-001 -1.582606297985e+001
 -1.650923031167e-001 -1.582606297966e+001
 -1.650923033655e-001 -1.582606297947e+001
 -1.650923036152e-001 -1.582606297929e+001
 -1.650923038658e-001 -1.582606297910e+001
 -1.650923041172e-001 -1.582606297891e+001
 -1.650923043695e-001 -1.582606297872e+001
 -1.650923046227e-001 -1.582606297854e+001
 -1.650923048768e-001 -1.582606297835e+001
 -1.650923051317e-001 -1.582606297816e+001
 -1.650923053875e-001 -1.582606297796e+001
 -1.650923056441e-001 -1.582606297777e+001
 -1.650923059016e-001 -1.582606297758e+001
 -1.650923061600e-001 -1.582606297739e+001
 -1.650923064193e-001 -1.582606297719e+001
 -1.650923066794e-001 -1.582606297700e+001
 -1.650923069404e-001 -1.582606297680e+001
 -1.650923072023e-001 -1.582606297661e+001
 -1.650923074650e-001 -1.582606297641e+001
 -1.650923077286e-001 -1.582606297622e+001
 -1.650923079931e-001 -1.582606297602e+001
 -1.650923082584e-001 -1.582606297582e+001
 -1.650923085246e-001 -1.582606297562e+001
 -1.650923087917e-001 -1.582606297542e+001
 -1.650923090596e-001 -1.582606297522e+001
 -1.650923093284e-001 -1.582606297502e+001
 -1.650923095981e-001 -1.582606297482e+001
 -1.650923098687e-001 -1.582606297462e+001
 -1.650923101401e-001 -1.582606297441e+001
 -1.650923104124e-001 -1.582606297421e+001
 -1.650923106855e-001 -1.582606297401e+001
 -1.650923109595e-001 -1.582606297380e+001
 -1.650923112344e-001 -1.582606297360e+001
 -1.650923115102e-001 -1.582606297339e+001
 -1.650923117868e-001 -1.582606297318e+001
 -1.650923120643e-001 -1.582606297298e+001
 -1.650923123427e-001 -1.582606297277e+001
 -1.650923126219e-001 -1.582606297256e+001
 -1.650923129020e-001 -1.582606297235e+001
 -1.650923131830e-001 -1.582606297214e+001
 -1.650923134648e-001 -1.582606297193e+001
 -1.650923137475e-001 -1.582606297172e+001
 -1.650923140311e-001 -1.582606297151e+001
 -1.650923143156e-001 -1.582606297130e+001
 -1.650923146009e-001 -1.582606297108e+001
 -1.650923148871e-001 -1.582606297087e+001
 -1.650923151741e-001 -1.582606297065e+001
 -1.650923154620e-001 -1.582606297044e+001
 -1.650923157508e-001 -1.582606297022e+001
 -1.650923160405e-001 -1.582606297001e+001
 -1.650923163310e-001 -1.582606296979e+001
 -1.650923166224e-001 -1.582606296957e+001
 -1.650923169147e-001 -1.582606296935e+001
 -1.650923172078e-001 -1.582606296913e+001
 -1.650923175018e-001 -1.582606296892e+001
 -1.650923177967e-001 -1.582606296869e+001
 -1.650923180924e-001 -1.582606296847e+001
 -1.650923183890e-001 -1.582606296825e+001
 -1.650923186865e-001 -1.582606296803e+001
 -1.650923189848e-001 -1.582606296781e+001
 -1.650923192840e-001 -1.582606296758e+001
 -1.650923195841e-001 -1.582606296736e+001
 -1.650923198850e-001 -1.582606296714e+001
 -1.650923201869e-001 -1.582606296691e+001
 -1.650923204895e-001 -1.582606296668e+001
 -1.650923207931e-001 -1.582606296646e+001
 -1.650923210975e-001 -1.582606296623e+001
 -1.650923214028e-001 -1.582606296600e+001
 -1.650923217090e-001 -1.582606296577e+001
 -1.650923220160e-001 -1.582606296554e+001
 -1.650923223239e-001 -1.582606296531e+001
 -1.650923226327e-001 -1.582606296508e+001
 -1.650923229423e-001 -1.582606296485e+001
 -1.650923232528e-001 -1.582606296462e+001
 -1.650923235642e-001 -1.582606296439e+001
 -1.650923238764e-001 -1.582606296415e+001
 -1.650923241895e-001 -1.582606296392e+001
 -1.650923245035e-001 -1.582606296369e+001
 -1.650923248183e-001 -1.582606296345e+001
 -1.650923251340e-001 -1.582606296321e+001
 -1.650923254506e-001 -1.582606296298e+001
 -1.650923257681e-001 -1.582606296274e+001
 -1.650923260864e-001 -1.582606296250e+001
 -1.650923264056e-001 -1.582606296226e+001
 -1.650923267256e-001 -1.582606296203e+001
 -1.650923270465e-001 -1.582606296179e+001
 -1.650923273683e-001 -1.582606296155e+001
 -1.650923276910e-001 -1.582606296130e+001
 -1.650923280145e-001 -1.582606296106e+001
 -1.650923283389e-001 -1.582606296082e+001
 -1.650923286642e-001 -1.582606296058e+001
 -1.650923289903e-001 -1.582606296033e+001
 -1.650923293173e-001 -1.582606296009e+001
 -1.650923296452e-001 -1.582606295984e+001
 -1.650923299739e-001 -1.582606295960e+001
 -1.650923303036e-001 -1.582606295935e+001
 -1.650923306340e-001 -1.582606295911e+001
 -1.650923309654e-001 -1.582606295886e+001
 -1.650923312976e-001 -1.582606295861e+001
 -1.650923316307e-001 -1.582606295836e+001
 -1.650923319646e-001 -1.582606295811e+001
 -1.650923322994e-001 -1.582606295786e+001
 -1.650923326351e-001 -1.582606295761e+001
 -1.650923329717e-001 -1.582606295736e+001
 -1.650923333091e-001 -1.582606295711e+001
 -1.650923336474e-001 -1.582606295685e+001
 -1.650923339866e-001 -1.582606295660e+001
 -1.650923343266e-001 -1.582606295635e+001
 -1.650923346675e-001 -1.582606295609e+001
 -1.650923350093e-001 -1.582606295584e+001
 -1.650923353519e-001 -1.582606295558e+001
 -1.650923356954e-001 -1.582606295533e+001
 -1.650923360398e-001 -1.582606295507e+001
 -1.650923363850e-001 -1.582606295481e+001
 -1.650923367311e-001 -1.582606295455e+001
 -1.650923370781e-001 -1.582606295429e+001
 -1.650923374260e-001 -1.582606295403e+001
 -1.650923377747e-001 -1.582606295377e+001
 -1.650923381243e-001 -1.582606295351e+001
 -1.650923384747e-001 -1.582606295325e+001
 -1.650923388261e-001 -1.582606295299e+001
 -1.650923391782e-001 -1.582606295272e+001
 -1.650923395313e-001 -1.582606295246e+001
 -1.650923398852e-001 -1.582606295220e+001
 -1.650923402400e-001 -1.582606295193e+001
 -1.650923405957e-001 -1.582606295166e+001
 -1.650923409522e-001 -1.582606295140e+001
 -1.650923413096e-001 -1.582606295113e+001
 -1.650923416679e-001 -1.582606295086e+001
 -1.650923420270e-001 -1.582606295060e+001
 -1.650923423870e-001 -1.582606295033e+001
 -1.650923427479e-001 -1.582606295006e+001
 -1.650923431097e-001 -1.582606294979e+001
 -1.650923434723e-001 -1.582606294952e+001
 -1.650923438358e-001 -1.582606294924e+001
 -1.650923442001e-001 -1.582606294897e+001
 -1.650923445653e-001 -1.582606294870e+001
 -1.650923449314e-001 -1.582606294843e+001
 -1.650923452984e-001 -1.582606294815e+001
 -1.650923456662e-001 -1.582606294788e+001
 -1.650923460349e-001 -1.582606294760e+001
 -1.650923464045e-001 -1.582606294733e+001
 -1.650923467749e-001 -1.582606294705e+001
 -1.650923471462e-001 -1.582606294677e+001
 -1.650923475184e-001 -1.582606294649e+001
 -1.650923478914e-001 -1.582606294622e+001
 -1.650923482653e-001 -1.582606294594e+001
 -1.650923486401e-001 -1.582606294566e+001
 -1.650923490157e-001 -1.582606294538e+001
 -1.650923493922e-001 -1.582606294509e+001
 -1.650923497696e-001 -1.582606294481e+001
 -1.650923501478e-001 -1.582606294453e+001
 -1.650923505270e-001 -1.582606294425e+001
 -1.650923509069e-001 -1.582606294396e+001
 -1.650923512878e-001 -1.582606294368e+001
 -1.650923516695e-001 -1.582606294339e+001
 -1.650923520521e-001 -1.582606294311e+001
 -1.650923524356e-001 -1.582606294282e+001
 -1.650923528199e-001 -1.582606294253e+001
 -1.650923532051e-001 -1.582606294225e+001
 -1.650923535911e-001 -1.582606294196e+001
 -1.650923539781e-001 -1.582606294167e+001
 -1.650923543659e-001 -1.582606294138e+001
 -1.650923547545e-001 -1.582606294109e+001
 -1.650923551441e-001 -1.582606294080e+001
 -1.650923555345e-001 -1.582606294051e+001
 -1.650923559258e-001 -1.582606294021e+001
 -1.650923563179e-001 -1.582606293992e+001
 -1.650923567109e-001 -1.582606293963e+001
 -1.650923571048e-001 -1.582606293933e+001
 -1.650923574996e-001 -1.582606293904e+001
 -1.650923578952e-001 -1.582606293874e+001
 -1.650923582917e-001 -1.582606293845e+001
 -1.650923586890e-001 -1.582606293815e+001
 -1.650923590872e-001 -1.582606293785e+001
 -1.650923594863e-001 -1.582606293755e+001
 -1.650923598863e-001 -1.582606293726e+001
 -1.650923602871e-001 -1.582606293696e+001
 -1.650923606888e-001 -1.582606293666e+001
 -1.650923610914e-001 -1.582606293636e+001
 -1.650923614948e-001 -1.582606293605e+001
 -1.650923618991e-001 -1.582606293575e+001
 -1.650923623043e-001 -1.582606293545e+001
 -1.650923627103e-001 -1.582606293515e+001
 -1.650923631172e-001 -1.582606293484e+001
 -1.650923635250e-001 -1.582606293454e+001
 -1.650923639337e-001 -1.582606293423e+001
 -1.650923643432e-001 -1.582606293393e+001
 -1.650923647536e-001 -1.582606293362e+001
 -1.650923651648e-001 -1.582606293331e+001
 -1.650923655769e-001 -1.582606293300e+001
 -1.650923659899e-001 -1.582606293270e+001
 -1.650923664038e-001 -1.582606293239e+001
 -1.650923668185e-001 -1.582606293208e+001
 -1.650923672341e-001 -1.582606293177e+001
 -1.650923676506e-001 -1.582606293146e+001
 -1.650923680679e-001 -1.582606293114e+001
 -1.650923684861e-001 -1.582606293083e+001
 -1.650923689052e-001 -1.582606293052e+001
 -1.650923693251e-001 -1.582606293020e+001
 -1.650923697459e-001 -1.582606292989e+001
 -1.650923701676e-001 -1.582606292958e+001
 -1.650923705901e-001 -1.582606292926e+001
 -1.650923710135e-001 -1.582606292894e+001
 -1.650923714378e-001 -1.582606292863e+001
 -1.650923718629e-001 -1.582606292831e+001
 -1.650923722890e-001 -1.582606292799e+001
 -1.650923727159e-001 -1.582606292767e+001
 -1.650923731436e-001 -1.582606292735e+001
 -1.650923735722e-001 -1.582606292703e+001
 -1.650923740017e-001 -1.582606292671e+001
 -1.650923744321e-001 -1.582606292639e+001
 -1.650923748633e-001 -1.582606292607e+001
 -1.650923752954e-001 -1.582606292575e+001
 -1.650923757284e-001 -1.582606292542e+001
 -1.650923761622e-001 -1.582606292510e+001
 -1.650923765969e-001 -1.582606292477e+001
 -1.650923770325e-001 -1.582606292445e+001
 -1.650923774689e-001 -1.582606292412e+001
 -1.650923779062e-001 -1.582606292379e+001
 -1.650923783444e-001 -1.582606292347e+001
 -1.650923787834e-001 -1.582606292314e+001
 -1.650923792233e-001 -1.582606292281e+001
 -1.650923796641e-001 -1.582606292248e+001
 -1.650923801058e-001 -1.582606292215e+001
 -1.650923805483e-001 -1.582606292182e+001
 -1.650923809917e-001 -1.582606292149e+001
 -1.650923814359e-001 -1.582606292116e+001
 -1.650923818811e-001 -1.582606292083e+001
 -1.650923823271e-001 -1.582606292049e+001
 -1.650923827739e-001 -1.582606292016e+001
 -1.650923832216e-001 -1.582606291982e+001
 -1.650923836702e-001 -1.582606291949e+001
 -1.650923841197e-001 -1.582606291915e+001
 -1.650923845700e-001 -1.582606291882e+001
 -1.650923850213e-001 -1.582606291848e+001
 -1.650923854733e-001 -1.582606291814e+001
 -1.650923859263e-001 -1.582606291780e+001
 -1.650923863801e-001 -1.582606291747e+001
 -1.650923868348e-001 -1.582606291713e+001
 -1.650923872903e-001 -1.582606291679e+001
 -1.650923877467e-001 -1.582606291644e+001
 -1.650923882040e-001 -1.582606291610e+001
 -1.650923886622e-001 -1.582606291576e+001
 -1.650923891212e-001 -1.582606291542e+001
 -1.650923895811e-001 -1.582606291507e+001
 -1.650923900418e-001 -1.582606291473e+001
 -1.650923905034e-001 -1.582606291439e+001
 -1.650923909659e-001 -1.582606291404e+001
 -1.650923914293e-001 -1.582606291369e+001
 -1.650923918935e-001 -1.582606291335e+001
 -1.650923923586e-001 -1.582606291300e+001
 -1.650923928246e-001 -1.582606291265e+001
 -1.650923932914e-001 -1.582606291230e+001
 -1.650923937591e-001 -1.582606291195e+001
 -1.650923942277e-001 -1.582606291160e+001
 -1.650923946972e-001 -1.582606291125e+001
 -1.650923951675e-001 -1.582606291090e+001
 -1.650923956387e-001 -1.582606291055e+001
 -1.650923961107e-001 -1.582606291020e+001
 -1.650923965836e-001 -1.582606290984e+001
 -1.650923970574e-001 -1.582606290949e+001
 -1.650923975321e-001 -1.582606290913e+001
 -1.650923980076e-001 -1.582606290878e+001
 -1.650923984840e-001 -1.582606290842e+001
 -1.650923989612e-001 -1.582606290807e+001
 -1.650923994394e-001 -1.582606290771e+001
 -1.650923999184e-001 -1.582606290735e+001
 -1.650924003982e-001 -1.582606290699e+001
 -1.650924008790e-001 -1.582606290663e+001
 -1.650924013606e-001 -1.582606290628e+001
 -1.650924018430e-001 -1.582606290591e+001
 -1.650924023264e-001 -1.582606290555e+001
 -1.650924028106e-001 -1.582606290519e+001
 -1.650924032957e-001 -1.582606290483e+001
 -1.650924037816e-001 -1.582606290447e+001
 -1.650924042684e-001 -1.582606290410e+001
 -1.650924047561e-001 -1.582606290374e+001
 -1.650924052447e-001 -1.582606290337e+001
 -1.650924057341e-001 -1.582606290301e+001
 -1.650924062244e-001 -1.582606290264e+001
 -1.650924067155e-001 -1.582606290228e+001
 -1.650924072075e-001 -1.582606290191e+001
 -1.650924077004e-001 -1.582606290154e+001
 -1.650924081942e-001 -1.582606290117e+001
 -1.650924086888e-001 -1.582606290080e+001
 -1.650924091843e-001 -1.582606290043e+001
 -1.650924096807e-001 -1.582606290006e+001
 -1.650924101779e-001 -1.582606289969e+001
 -1.650924106760e-001 -1.582606289932e+001
 -1.650924111750e-001 -1.582606289894e+001
 -1.650924116749e-001 -1.582606289857e+001
 -1.650924121756e-001 -1.582606289820e+001
 -1.650924126771e-001 -1.582606289782e+001
 -1.650924131796e-001 -1.582606289745e+001
 -1.650924136829e-001 -1.582606289707e+001
 -1.650924141871e-001 -1.582606289669e+001
 -1.650924146921e-001 -1.582606289632e+001
 -1.650924151981e-001 -1.582606289594e+001
 -1.650924157049e-001 -1.582606289556e+001
 -1.650924162125e-001 -1.582606289518e+001
 -1.650924167210e-001 -1.582606289480e+001
 -1.650924172304e-001 -1.582606289442e+001
 -1.650924177407e-001 -1.582606289404e+001
 -1.650924182518e-001 -1.582606289366e+001
 -1.650924187638e-001 -1.582606289328e+001
 -1.650924192767e-001 -1.582606289289e+001
 -1.650924197904e-001 -1.582606289251e+001
 -1.650924203051e-001 -1.582606289212e+001
 -1.650924208205e-001 -1.582606289174e+001
 -1.650924213369e-001 -1.582606289135e+001
 -1.650924218541e-001 -1.582606289097e+001
 -1.650924223722e-001 -1.582606289058e+001
 -1.650924228911e-001 -1.582606289019e+001
 -1.650924234109e-001 -1.582606288980e+001
 -1.650924239316e-001 -1.582606288942e+001
 -1.650924244532e-001 -1.582606288903e+001
 -1.650924249756e-001 -1.582606288864e+001
 -1.650924254989e-001 -1.582606288824e+001
 -1.650924260231e-001 -1.582606288785e+001
 -1.650924265481e-001 -1.582606288746e+001
 -1.650924270740e-001 -1.582606288707e+001
 -1.650924276007e-001 -1.582606288667e+001
 -1.650924281284e-001 -1.582606288628e+001
 -1.650924286569e-001 -1.582606288589e+001
 -1.650924291863e-001 -1.582606288549e+001
 -1.650924297165e-001 -1.582606288509e+001
 -1.650924302476e-001 -1.582606288470e+001
 -1.650924307796e-001 -1.582606288430e+001
 -1.650924313124e-001 -1.582606288390e+001
 -1.650924318461e-001 -1.582606288350e+001
 -1.650924323807e-001 -1.582606288310e+001
 -1.650924329162e-001 -1.582606288270e+001
 -1.650924334525e-001 -1.582606288230e+001
 -1.650924339897e-001 -1.582606288190e+001
 -1.650924345277e-001 -1.582606288150e+001
 -1.650924350667e-001 -1.582606288110e+001
 -1.650924356065e-001 -1.582606288069e+001
 -1.650924361471e-001 -1.582606288029e+001
 -1.650924366887e-001 -1.582606287989e+001
 -1.650924372311e-001 -1.582606287948e+001
 -1.650924377743e-001 -1.582606287908e+001
 -1.650924383185e-001 -1.582606287867e+001
 -1.650924388635e-001 -1.582606287826e+001
 -1.650924394093e-001 -1.582606287785e+001
 -1.650924399561e-001 -1.582606287745e+001
 -1.650924405037e-001 -1.582606287704e+001
 -1.650924410522e-001 -1.582606287663e+001
 -1.650924416015e-001 -1.582606287622e+001
 -1.650924421517e-001 -1.582606287581e+001
 -1.650924427028e-001 -1.582606287539e+001
 -1.650924432548e-001 -1.582606287498e+001
 -1.650924438076e-001 -1.582606287457e+001
 -1.650924443613e-001 -1.582606287415e+001
 -1.650924449159e-001 -1.582606287374e+001
 -1.650924454713e-001 -1.582606287333e+001
 -1.650924460276e-001 -1.582606287291e+001
 -1.650924465847e-001 -1.582606287249e+001
 -1.650924471428e-001 -1.582606287208e+001
 -1.650924477017e-001 -1.582606287166e+001
 -1.650924482615e-001 -1.582606287124e+001
 -1.650924488221e-001 -1.582606287082e+001
 -1.650924493836e-001 -1.582606287040e+001
 -1.650924499460e-001 -1.582606286998e+001
 -1.650924505092e-001 -1.582606286956e+001
 -1.650924510733e-001 -1.582606286914e+001
 -1.650924516383e-001 -1.582606286872e+001
 -1.650924522042e-001 -1.582606286830e+001
 -1.650924527709e-001 -1.582606286787e+001
 -1.650924533385e-001 -1.582606286745e+001
 -1.650924539069e-001 -1.582606286702e+001
 -1.650924544763e-001 -1.582606286660e+001
 -1.650924550464e-001 -1.582606286617e+001
 -1.650924556175e-001 -1.582606286575e+001
 -1.650924561894e-001 -1.582606286532e+001
 -1.650924567622e-001 -1.582606286489e+001
 -1.650924573359e-001 -1.582606286446e+001
 -1.650924579104e-001 -1.582606286403e+001
 -1.650924584858e-001 -1.582606286360e+001
 -1.650924590621e-001 -1.582606286317e+001
 -1.650924596393e-001 -1.582606286274e+001
 -1.650924602173e-001 -1.582606286231e+001
 -1.650924607961e-001 -1.582606286188e+001
 -1.650924613759e-001 -1.582606286145e+001
 -1.650924619565e-001 -1.582606286101e+001
 -1.650924625380e-001 -1.582606286058e+001
 -1.650924631203e-001 -1.582606286014e+001
 -1.650924637036e-001 -1.582606285971e+001
 -1.650924642877e-001 -1.582606285927e+001
 -1.650924648726e-001 -1.582606285883e+001
 -1.650924654584e-001 -1.582606285840e+001
 -1.650924660451e-001 -1.582606285796e+001
 -1.650924666327e-001 -1.582606285752e+001
 -1.650924672211e-001 -1.582606285708e+001
 -1.650924678104e-001 -1.582606285664e+001
 -1.650924684006e-001 -1.582606285620e+001
 -1.650924689916e-001 -1.582606285576e+001
 -1.650924695836e-001 -1.582606285531e+001
 -1.650924701763e-001 -1.582606285487e+001
 -1.650924707700e-001 -1.582606285443e+001
 -1.650924713645e-001 -1.582606285398e+001
 -1.650924719599e-001 -1.582606285354e+001
 -1.650924725561e-001 -1.582606285309e+001
 -1.650924731532e-001 -1.582606285265e+001
 -1.650924737512e-001 -1.582606285220e+001
 -1.650924743501e-001 -1.582606285175e+001
 -1.650924749498e-001 -1.582606285131e+001
 -1.650924755504e-001 -1.582606285086e+001
 -1.650924761518e-001 -1.582606285041e+001
 -1.650924767542e-001 -1.582606284996e+001
 -1.650924773574e-001 -1.582606284951e+001
 -1.650924779614e-001 -1.582606284906e+001
 -1.650924785664e-001 -1.582606284860e+001
 -1.650924791722e-001 -1.582606284815e+001
 -1.650924797788e-001 -1.582606284770e+001
 -1.650924803864e-001 -1.582606284725e+001
 -1.650924809948e-001 -1.582606284679e+001
 -1.650924816041e-001 -1.582606284634e+001
 -1.650924822142e-001 -1.582606284588e+001
 -1.650924828252e-001 -1.582606284542e+001
 -1.650924834371e-001 -1.582606284497e+001
 -1.650924840499e-001 -1.582606284451e+001
 -1.650924846635e-001 -1.582606284405e+001
 -1.650924852780e-001 -1.582606284359e+001
 -1.650924858933e-001 -1.582606284313e+001
 -1.650924865096e-001 -1.582606284267e+001
 -1.650924871267e-001 -1.582606284221e+001
 -1.650924877446e-001 -1.582606284175e+001
 -1.650924883634e-001 -1.582606284129e+001
 -1.650924889831e-001 -1.582606284082e+001
 -1.650924896037e-001 -1.582606284036e+001
 -1.650924902252e-001 -1.582606283990e+001
 -1.650924908475e-001 -1.582606283943e+001
 -1.650924914706e-001 -1.582606283897e+001
 -1.650924920947e-001 -1.582606283850e+001
 -1.650924927196e-001 -1.582606283803e+001
 -1.650924933454e-001 -1.582606283757e+001
 -1.650924939720e-001 -1.582606283710e+001
 -1.650924945995e-001 -1.582606283663e+001
 -1.650924952279e-001 -1.582606283616e+001
 -1.650924958572e-001 -1.582606283569e+001
 -1.650924964873e-001 -1.582606283522e+001
 -1.650924971183e-001 -1.582606283475e+001
 -1.650924977501e-001 -1.582606283428e+001
 -1.650924983829e-001 -1.582606283380e+001
 -1.650924990165e-001 -1.582606283333e+001
 -1.650924996509e-001 -1.582606283286e+001
 -1.650925002863e-001 -1.582606283238e+001
 -1.650925009225e-001 -1.582606283191e+001
 -1.650925015595e-001 -1.582606283143e+001
 -1.650925021975e-001 -1.582606283095e+001
 -1.650925028363e-001 -1.582606283048e+001
 -1.650925034760e-001 -1.582606283000e+001
 -1.650925041165e-001 -1.582606282952e+001
 -1.650925047579e-001 -1.582606282904e+001
 -1.650925054002e-001 -1.582606282856e+001
 -1.650925060433e-001 -1.582606282808e+001
 -1.650925066874e-001 -1.582606282760e+001
 -1.650925073323e-001 -1.582606282712e+001
 -1.650925079780e-001 -1.582606282664e+001
 -1.650925086246e-001 -1.582606282615e+001
 -1.650925092721e-001 -1.582606282567e+001
 -1.650925099205e-001 -1.582606282518e+001
 -1.650925105697e-001 -1.582606282470e+001
 -1.650925112198e-001 -1.582606282421e+001
 -1.650925118708e-001 -1.582606282373e+001
 -1.650925125226e-001 -1.582606282324e+001
 -1.650925131753e-001 -1.582606282275e+001
 -1.650925138289e-001 -1.582606282226e+001
 -1.650925144833e-001 -1.582606282178e+001
 -1.650925151386e-001 -1.582606282129e+001
 -1.650925157948e-001 -1.582606282080e+001
 -1.650925164519e-001 -1.582606282031e+001
 -1.650925171098e-001 -1.582606281981e+001
 -1.650925177686e-001 -1.582606281932e+001
 -1.650925184282e-001 -1.582606281883e+001
 -1.650925190887e-001 -1.582606281834e+001
 -1.650925197501e-001 -1.582606281784e+001
 -1.650925204124e-001 -1.582606281735e+001
 -1.650925210755e-001 -1.582606281685e+001
 -1.650925217395e-001 -1.582606281636e+001
 -1.650925224044e-001 -1.582606281586e+001
 -1.650925230701e-001 -1.582606281536e+001
 -1.650925237367e-001 -1.582606281486e+001
 -1.650925244042e-001 -1.582606281437e+001
 -1.650925250725e-001 -1.582606281387e+001
 -1.650925257417e-001 -1.582606281337e+001
 -1.650925264118e-001 -1.582606281287e+001
 -1.650925270827e-001 -1.582606281236e+001
 -1.650925277545e-001 -1.582606281186e+001
 -1.650925284272e-001 -1.582606281136e+001
 -1.650925291008e-001 -1.582606281086e+001
 -1.650925297752e-001 -1.582606281035e+001
 -1.650925304505e-001 -1.582606280985e+001
 -1.650925311266e-001 -1.582606280934e+001
 -1.650925318037e-001 -1.582606280884e+001
 -1.650925324815e-001 -1.582606280833e+001
 -1.650925331603e-001 -1.582606280782e+001
 -1.650925338399e-001 -1.582606280732e+001
 -1.650925345204e-001 -1.582606280681e+001
 -1.650925352018e-001 -1.582606280630e+001
 -1.650925358840e-001 -1.582606280579e+001
 -1.650925365671e-001 -1.582606280528e+001
 -1.650925372511e-001 -1.582606280477e+001
 -1.650925379359e-001 -1.582606280426e+001
 -1.650925386217e-001 -1.582606280375e+001
 -1.650925393082e-001 -1.582606280323e+001
 -1.650925399957e-001 -1.582606280272e+001
 -1.650925406840e-001 -1.582606280220e+001
 -1.650925413732e-001 -1.582606280169e+001
 -1.650925420632e-001 -1.582606280117e+001
 -1.650925427541e-001 -1.582606280066e+001
 -1.650925434459e-001 -1.582606280014e+001
 -1.650925441386e-001 -1.582606279962e+001
 -1.650925448321e-001 -1.582606279911e+001
 -1.650925455265e-001 -1.582606279859e+001
 -1.650925462218e-001 -1.582606279807e+001
 -1.650925469179e-001 -1.582606279755e+001
 -1.650925476149e-001 -1.582606279703e+001
 -1.650925483128e-001 -1.582606279651e+001
 -1.650925490115e-001 -1.582606279598e+001
 -1.650925497111e-001 -1.582606279546e+001
 -1.650925504116e-001 -1.582606279494e+001
 -1.650925511129e-001 -1.582606279441e+001
 -1.650925518151e-001 -1.582606279389e+001
 -1.650925525182e-001 -1.582606279336e+001
 -1.650925532222e-001 -1.582606279284e+001
 -1.650925539270e-001 -1.582606279231e+001
 -1.650925546327e-001 -1.582606279179e+001
 -1.650925553392e-001 -1.582606279126e+001
 -1.650925560466e-001 -1.582606279073e+001
 -1.650925567549e-001 -1.582606279020e+001
 -1.650925574641e-001 -1.582606278967e+001
 -1.650925581741e-001 -1.582606278914e+001
 -1.650925588850e-001 -1.582606278861e+001
 -1.650925595968e-001 -1.582606278808e+001
 -1.650925603094e-001 -1.582606278755e+001
 -1.650925610229e-001 -1.582606278701e+001
 -1.650925617373e-001 -1.582606278648e+001
 -1.650925624525e-001 -1.582606278594e+001
 -1.650925631686e-001 -1.582606278541e+001
 -1.650925638856e-001 -1.582606278487e+001
 -1.650925646034e-001 -1.582606278434e+001
 -1.650925653222e-001 -1.582606278380e+001
 -1.650925660417e-001 -1.582606278326e+001
 -1.650925667622e-001 -1.582606278273e+001
 -1.650925674835e-001 -1.582606278219e+001
 -1.650925682057e-001 -1.582606278165e+001
 -1.650925689287e-001 -1.582606278111e+001
 -1.650925696527e-001 -1.582606278057e+001
 -1.650925703775e-001 -1.582606278002e+001
 -1.650925711031e-001 -1.582606277948e+001
 -1.650925718297e-001 -1.582606277894e+001
 -1.650925725571e-001 -1.582606277840e+001
 -1.650925732853e-001 -1.582606277785e+001
 -1.650925740145e-001 -1.582606277731e+001
 -1.650925747445e-001 -1.582606277676e+001
 -1.650925754753e-001 -1.582606277622e+001
 -1.650925762071e-001 -1.582606277567e+001
 -1.650925769397e-001 -1.582606277512e+001
 -1.650925776732e-001 -1.582606277457e+001
 -1.650925784075e-001 -1.582606277403e+001
 -1.650925791427e-001 -1.582606277348e+001
 -1.650925798788e-001 -1.582606277293e+001
 -1.650925806158e-001 -1.582606277238e+001
 -1.650925813536e-001 -1.582606277183e+001
 -1.650925820923e-001 -1.582606277127e+001
 -1.650925828318e-001 -1.582606277072e+001
 -1.650925835722e-001 -1.582606277017e+001
 -1.650925843135e-001 -1.582606276961e+001
 -1.650925850557e-001 -1.582606276906e+001
 -1.650925857987e-001 -1.582606276851e+001
 -1.650925865426e-001 -1.582606276795e+001
 -1.650925872874e-001 -1.582606276739e+001
 -1.650925880330e-001 -1.582606276684e+001
 -1.650925887795e-001 -1.582606276628e+001
 -1.650925895269e-001 -1.582606276572e+001
 -1.650925902752e-001 -1.582606276516e+001
 -1.650925910243e-001 -1.582606276460e+001
 -1.650925917743e-001 -1.582606276404e+001
 -1.650925925251e-001 -1.582606276348e+001
 -1.650925932768e-001 -1.582606276292e+001
 -1.650925940294e-001 -1.582606276236e+001
 -1.650925947829e-001 -1.582606276179e+001
 -1.650925955372e-001 -1.582606276123e+001
 -1.650925962924e-001 -1.582606276067e+001
 -1.650925970484e-001 -1.582606276010e+001
 -1.650925978054e-001 -1.582606275954e+001
 -1.650925985632e-001 -1.582606275897e+001
 -1.650925993218e-001 -1.582606275840e+001
 -1.650926000814e-001 -1.582606275784e+001
 -1.650926008418e-001 -1.582606275727e+001
 -1.650926016030e-001 -1.582606275670e+001
 -1.650926023652e-001 -1.582606275613e+001
 -1.650926031282e-001 -1.582606275556e+001
 -1.650926038921e-001 -1.582606275499e+001
 -1.650926046568e-001 -1.582606275442e+001
 -1.650926054224e-001 -1.582606275385e+001
 -1.650926061889e-001 -1.582606275327e+001
 -1.650926069562e-001 -1.582606275270e+001
 -1.650926077245e-001 -1.582606275213e+001
 -1.650926084936e-001 -1.582606275155e+001
 -1.650926092635e-001 -1.582606275098e+001
 -1.650926100343e-001 -1.582606275040e+001
 -1.650926108060e-001 -1.582606274983e+001
 -1.650926115786e-001 -1.582606274925e+001
 -1.650926123520e-001 -1.582606274867e+001
 -1.650926131263e-001 -1.582606274809e+001
 -1.650926139015e-001 -1.582606274751e+001
 -1.650926146775e-001 -1.582606274693e+001
 -1.650926154544e-001 -1.582606274635e+001
 -1.650926162322e-001 -1.582606274577e+001
 -1.650926170108e-001 -1.582606274519e+001
 -1.650926177904e-001 -1.582606274461e+001
 -1.650926185707e-001 -1.582606274403e+001
 -1.650926193520e-001 -1.582606274344e+001
 -1.650926201341e-001 -1.582606274286e+001
 -1.650926209171e-001 -1.582606274227e+001
 -1.650926217009e-001 -1.582606274169e+001
 -1.650926224857e-001 -1.582606274110e+001
 -1.650926232712e-001 -1.582606274051e+001
 -1.650926240577e-001 -1.582606273993e+001
 -1.650926248450e-001 -1.582606273934e+001
 -1.650926256332e-001 -1.582606273875e+001
 -1.650926264223e-001 -1.582606273816e+001
 -1.650926272122e-001 -1.582606273757e+001
 -1.650926280030e-001 -1.582606273698e+001
 -1.650926287947e-001 -1.582606273639e+001
 -1.650926295872e-001 -1.582606273580e+001
 -1.650926303806e-001 -1.582606273520e+001
 -1.650926311749e-001 -1.582606273461e+001
 -1.650926319701e-001 -1.582606273402e+001
 -1.650926327661e-001 -1.582606273342e+001
 -1.650926335629e-001 -1.582606273283e+001
 -1.650926343607e-001 -1.582606273223e+001
 -1.650926351593e-001 -1.582606273163e+001
 -1.650926359588e-001 -1.582606273104e+001
 -1.650926367592e-001 -1.582606273044e+001
 -1.650926375604e-001 -1.582606272984e+001
 -1.650926383625e-001 -1.582606272924e+001
 -1.650926391654e-001 -1.582606272864e+001
 -1.650926399693e-001 -1.582606272804e+001
 -1.650926407740e-001 -1.582606272744e+001
 -1.650926415795e-001 -1.582606272684e+001
 -1.650926423860e-001 -1.582606272624e+001
 -1.650926431933e-001 -1.582606272563e+001
 -1.650926440014e-001 -1.582606272503e+001
 -1.650926448105e-001 -1.582606272443e+001
 -1.650926456204e-001 -1.582606272382e+001
 -1.650926464312e-001 -1.582606272321e+001
 -1.650926472428e-001 -1.582606272261e+001
 -1.650926480553e-001 -1.582606272200e+001
 -1.650926488687e-001 -1.582606272139e+001
 -1.650926496830e-001 -1.582606272079e+001
 -1.650926504981e-001 -1.582606272018e+001
 -1.650926513141e-001 -1.582606271957e+001
 -1.650926521309e-001 -1.582606271896e+001
 -1.650926529486e-001 -1.582606271835e+001
 -1.650926537672e-001 -1.582606271773e+001
 -1.650926545867e-001 -1.582606271712e+001
 -1.650926554070e-001 -1.582606271651e+001
 -1.650926562282e-001 -1.582606271590e+001
 -1.650926570503e-001 -1.582606271528e+001
 -1.650926578732e-001 -1.582606271467e+001
 -1.650926586970e-001 -1.582606271405e+001
 -1.650926595217e-001 -1.582606271344e+001
 -1.650926603473e-001 -1.582606271282e+001
 -1.650926611737e-001 -1.582606271220e+001
 -1.650926620010e-001 -1.582606271158e+001
 -1.650926628291e-001 -1.582606271097e+001
 -1.650926636581e-001 -1.582606271035e+001
 -1.650926644880e-001 -1.582606270973e+001
 -1.650926653188e-001 -1.582606270911e+001
 -1.650926661504e-001 -1.582606270848e+001
 -1.650926669829e-001 -1.582606270786e+001
 -1.650926678162e-001 -1.582606270724e+001
 -1.650926686505e-001 -1.582606270662e+001
 -1.650926694856e-001 -1.582606270599e+001
 -1.650926703215e-001 -1.582606270537e+001
 -1.650926711584e-001 -1.582606270474e+001
 -1.650926719961e-001 -1.582606270412e+001
 -1.650926728346e-001 -1.582606270349e+001
 -1.650926736741e-001 -1.582606270286e+001
 -1.650926745144e-001 -1.582606270224e+001
 -1.650926753555e-001 -1.582606270161e+001
 -1.650926761976e-001 -1.582606270098e+001
 -1.650926770405e-001 -1.582606270035e+001
 -1.650926778843e-001 -1.582606269972e+001
 -1.650926787289e-001 -1.582606269909e+001
 -1.650926795745e-001 -1.582606269846e+001
 -1.650926804208e-001 -1.582606269783e+001
 -1.650926812681e-001 -1.582606269719e+001
 -1.650926821162e-001 -1.582606269656e+001
 -1.650926829652e-001 -1.582606269592e+001
 -1.650926838151e-001 -1.582606269529e+001
 -1.650926846658e-001 -1.582606269465e+001
 -1.650926855174e-001 -1.582606269402e+001
 -1.650926863699e-001 -1.582606269338e+001
 -1.650926872232e-001 -1.582606269274e+001
 -1.650926880774e-001 -1.582606269211e+001
 -1.650926889325e-001 -1.582606269147e+001
 -1.650926897884e-001 -1.582606269083e+001
 -1.650926906452e-001 -1.582606269019e+001
 -1.650926915029e-001 -1.582606268955e+001
 -1.650926923615e-001 -1.582606268891e+001
 -1.650926932209e-001 -1.582606268826e+001
 -1.650926940812e-001 -1.582606268762e+001
 -1.650926949423e-001 -1.582606268698e+001
 -1.650926958043e-001 -1.582606268633e+001
 -1.650926966672e-001 -1.582606268569e+001
 -1.650926975310e-001 -1.582606268504e+001
 -1.650926983956e-001 -1.582606268440e+001
 -1.650926992611e-001 -1.582606268375e+001
 -1.650927001275e-001 -1.582606268311e+001
 -1.650927009947e-001 -1.582606268246e+001
